  0.00000000E+00  0.00000000E+00 -4.89950000E+01  0.00000000E+00  3.78943119E-01  6.90023909E-03 -5.10196733E-02
  2.00000000E-01  7.57886238E-02 -4.89936200E+01  0.00000000E+00  3.91923745E-01  8.80333533E-03 -5.11809059E-02
  4.00000000E-01  1.55471436E-01 -4.89916690E+01  0.00000000E+00  4.07164713E-01  1.14641744E-02 -5.12334602E-02
  6.00000000E-01  2.38428475E-01 -4.89891101E+01  0.00000000E+00  4.23591401E-01  1.49393407E-02 -5.10528377E-02
  8.00000000E-01  3.24789424E-01 -4.89857747E+01  0.00000000E+00  4.41311016E-01  1.93766257E-02 -5.06953394E-02
  1.00000000E+00  4.14823589E-01 -4.89814556E+01  0.00000000E+00  4.60347521E-01  2.51152001E-02 -5.01162890E-02
  1.20000000E+00  5.08796743E-01 -4.89758587E+01  0.00000000E+00  4.80872748E-01  3.25025109E-02 -4.92823571E-02
  1.40000000E+00  6.07023816E-01 -4.89686195E+01  0.00000000E+00  5.03000176E-01  4.19246027E-02 -4.81172355E-02
  1.60000000E+00  7.09836594E-01 -4.89592924E+01  0.00000000E+00  5.26825987E-01  5.37943621E-02 -4.65909404E-02
  1.80000000E+00  8.17584372E-01 -4.89473465E+01  0.00000000E+00  5.52437484E-01  6.86164908E-02 -4.47069384E-02
  2.00000000E+00  9.30633019E-01 -4.89321410E+01  0.00000000E+00  5.79896968E-01  8.68812465E-02 -4.24676065E-02
  2.20000000E+00  1.04935836E+00 -4.89129383E+01  0.00000000E+00  6.09107465E-01  1.08989003E-01 -3.98095314E-02
  2.40000000E+00  1.17410090E+00 -4.88889297E+01  0.00000000E+00  6.40007711E-01  1.35369220E-01 -3.68106632E-02
  2.60000000E+00  1.30519247E+00 -4.88592178E+01  0.00000000E+00  6.72452565E-01  1.66290989E-01 -3.35320491E-02
  2.80000000E+00  1.44292747E+00 -4.88228675E+01  0.00000000E+00  7.06198867E-01  2.01812293E-01 -3.00552340E-02
  3.00000000E+00  1.58754187E+00 -4.87789529E+01  0.00000000E+00  7.40929999E-01  2.41759602E-01 -2.64871187E-02
  3.20000000E+00  1.73920099E+00 -4.87266062E+01  0.00000000E+00  7.76247978E-01  2.85699278E-01 -2.29412493E-02
  3.40000000E+00  1.89798238E+00 -4.86650724E+01  0.00000000E+00  8.11729169E-01  3.32955266E-01 -1.95356302E-02
  3.60000000E+00  2.06387633E+00 -4.85937557E+01  0.00000000E+00  8.46909094E-01  3.82672386E-01 -1.63679941E-02
  3.80000000E+00  2.23677614E+00 -4.85122496E+01  0.00000000E+00  8.81349446E-01  4.33884991E-01 -1.35086876E-02
  4.00000000E+00  2.41649007E+00 -4.84203513E+01  0.00000000E+00  9.14666488E-01  4.85614850E-01 -1.10024076E-02
  4.20000000E+00  2.60275507E+00 -4.83180553E+01  0.00000000E+00  9.46549384E-01  5.36963011E-01 -8.86166220E-03
  4.40000000E+00  2.79525324E+00 -4.82055279E+01  0.00000000E+00  9.76742454E-01  5.87137109E-01 -7.06998418E-03
  4.60000000E+00  2.99362103E+00 -4.80830831E+01  0.00000000E+00  1.00510710E+00  6.35521141E-01 -5.60096631E-03
  4.80000000E+00  3.19747892E+00 -4.79511405E+01  0.00000000E+00  1.03155341E+00  6.81658990E-01 -4.41278821E-03
  5.00000000E+00  3.40643423E+00 -4.78101949E+01  0.00000000E+00  1.05607418E+00  7.25240718E-01 -3.46321234E-03
  5.20000000E+00  3.62010114E+00 -4.76607886E+01  0.00000000E+00  1.07870802E+00  7.66125752E-01 -2.70840440E-03
  5.40000000E+00  3.83810613E+00 -4.75034749E+01  0.00000000E+00  1.09952273E+00  8.04261756E-01 -2.11275944E-03
  5.60000000E+00  4.06009215E+00 -4.73388090E+01  0.00000000E+00  1.11862541E+00  8.39674288E-01 -1.64368977E-03
  5.80000000E+00  4.28572750E+00 -4.71673328E+01  0.00000000E+00  1.13613624E+00  8.72462445E-01 -1.27416605E-03
