  0.00000000E+00  0.00000000E+00 -4.89000000E+01  0.00000000E+00  6.78665735E-01  1.12110790E-01 -4.13419285E-02
  5.00000000E-02  3.39332867E-02 -4.88943945E+01  0.00000000E+00  6.86268233E-01  1.17659475E-01 -4.05931742E-02
  1.00000000E-01  6.84367609E-02 -4.88883728E+01  0.00000000E+00  6.94131738E-01  1.23545248E-01 -3.98076415E-02
  1.50000000E-01  1.03339935E-01 -4.88820484E+01  0.00000000E+00  7.02099464E-01  1.29679251E-01 -3.90334462E-02
  2.00000000E-01  1.38644102E-01 -4.88754111E+01  0.00000000E+00  7.10139131E-01  1.36009472E-01 -3.82210302E-02
  2.50000000E-01  1.74352050E-01 -4.88684523E+01  0.00000000E+00  7.18255609E-01  1.42554914E-01 -3.73932333E-02
  3.00000000E-01  2.10467742E-01 -4.88611609E+01  0.00000000E+00  7.26448729E-01  1.49329251E-01 -3.65645982E-02
  3.50000000E-01  2.46995007E-01 -4.88535251E+01  0.00000000E+00  7.34714968E-01  1.56315457E-01 -3.57149953E-02
  4.00000000E-01  2.83937411E-01 -4.88455347E+01  0.00000000E+00  7.43047763E-01  1.63516026E-01 -3.48537484E-02
  4.50000000E-01  3.21298119E-01 -4.88371789E+01  0.00000000E+00  7.51442713E-01  1.70928436E-01 -3.39816187E-02
  5.00000000E-01  3.59080129E-01 -4.88284471E+01  0.00000000E+00  7.59912233E-01  1.78593157E-01 -3.31289110E-02
  5.50000000E-01  3.97287478E-01 -4.88193259E+01  0.00000000E+00  7.68428368E-01  1.86441192E-01 -3.22484731E-02
  6.00000000E-01  4.35921800E-01 -4.88098076E+01  0.00000000E+00  7.76993453E-01  1.94493825E-01 -3.13627973E-02
  6.50000000E-01  4.74985600E-01 -4.87998816E+01  0.00000000E+00  7.85602894E-01  2.02746702E-01 -3.04730368E-02
  7.00000000E-01  5.14480981E-01 -4.87895379E+01  0.00000000E+00  7.94263147E-01  2.11225458E-01 -2.95986297E-02
  7.50000000E-01  5.54410644E-01 -4.87787647E+01  0.00000000E+00  8.02952404E-01  2.19876744E-01 -2.87106432E-02
  8.00000000E-01  5.94775496E-01 -4.87675546E+01  0.00000000E+00  8.11670445E-01  2.28712732E-01 -2.78236737E-02
  8.50000000E-01  6.35576969E-01 -4.87558980E+01  0.00000000E+00  8.20411939E-01  2.37726676E-01 -2.69390168E-02
  9.00000000E-01  6.76816103E-01 -4.87437864E+01  0.00000000E+00  8.29170980E-01  2.46910655E-01 -2.60578261E-02
  9.50000000E-01  7.18493629E-01 -4.87312112E+01  0.00000000E+00  8.37956440E-01  2.56299976E-01 -2.52053251E-02
  1.00000000E+00  7.60611087E-01 -4.87181615E+01  0.00000000E+00  8.46741231E-01  2.65816484E-01 -2.43419586E-02
  1.05000000E+00  8.03167768E-01 -4.87046328E+01  0.00000000E+00  8.55526637E-01  2.75479610E-01 -2.34872005E-02
  1.10000000E+00  8.46163735E-01 -4.86906172E+01  0.00000000E+00  8.64307188E-01  2.85280431E-01 -2.26421926E-02
  1.15000000E+00  8.89598608E-01 -4.86761082E+01  0.00000000E+00  8.73076886E-01  2.95209032E-01 -2.18079756E-02
  1.20000000E+00  9.33471695E-01 -4.86610995E+01  0.00000000E+00  8.81840383E-01  3.05288861E-01 -2.10011351E-02
  1.25000000E+00  9.77782802E-01 -4.86455831E+01  0.00000000E+00  8.90576104E-01  3.15455059E-01 -2.01960296E-02
  1.30000000E+00  1.02253000E+00 -4.86295561E+01  0.00000000E+00  8.99283986E-01  3.25719812E-01 -1.94055494E-02
  1.35000000E+00  1.06771190E+00 -4.86130135E+01  0.00000000E+00  9.07958679E-01  3.36072793E-01 -1.86305028E-02
  1.40000000E+00  1.11332670E+00 -4.85959511E+01  0.00000000E+00  9.16594586E-01  3.46503086E-01 -1.78715863E-02
  1.45000000E+00  1.15937232E+00 -4.85783652E+01  0.00000000E+00  9.25186171E-01  3.56999547E-01 -1.71293276E-02
  1.50000000E+00  1.20584642E+00 -4.85602528E+01  0.00000000E+00  9.33744272E-01  3.67598729E-01 -1.64232617E-02
  1.55000000E+00  1.25274759E+00 -4.85416079E+01  0.00000000E+00  9.42238415E-01  3.78211105E-01 -1.57215820E-02
  1.60000000E+00  1.30007186E+00 -4.85224320E+01  0.00000000E+00  9.50673584E-01  3.88859321E-01 -1.50390002E-02
  1.65000000E+00  1.34781642E+00 -4.85027228E+01  0.00000000E+00  9.59045461E-01  3.99533300E-01 -1.43758203E-02
  1.70000000E+00  1.39597799E+00 -4.84824793E+01  0.00000000E+00  9.67349540E-01  4.10222587E-01 -1.37322738E-02
  1.75000000E+00  1.44455307E+00 -4.84617009E+01  0.00000000E+00  9.75586383E-01  4.20937994E-01 -1.31179138E-02
  1.80000000E+00  1.49353831E+00 -4.84403862E+01  0.00000000E+00  9.83745432E-01  4.31635567E-01 -1.25168842E-02
  1.85000000E+00  1.54292956E+00 -4.84185369E+01  0.00000000E+00  9.91824832E-01  4.42319560E-01 -1.19360872E-02
  1.90000000E+00  1.59272279E+00 -4.83961539E+01  0.00000000E+00  9.99821099E-01  4.52980701E-01 -1.13753737E-02
  1.95000000E+00  1.64291375E+00 -4.83732383E+01  0.00000000E+00  1.00773082E+00  4.63609799E-01 -1.08345047E-02
  2.00000000E+00  1.69349803E+00 -4.83497921E+01  0.00000000E+00  1.01555621E+00  4.74224365E-01 -1.03238073E-02
  2.05000000E+00  1.74447148E+00 -4.83258155E+01  0.00000000E+00  1.02328698E+00  4.84773210E-01 -9.82506596E-03
  2.10000000E+00  1.79582909E+00 -4.83013131E+01  0.00000000E+00  1.03092298E+00  4.95266262E-01 -9.34586768E-03
  2.15000000E+00  1.84756614E+00 -4.82762875E+01  0.00000000E+00  1.03846200E+00  5.05695960E-01 -8.88577310E-03
  2.20000000E+00  1.89967772E+00 -4.82507419E+01  0.00000000E+00  1.04590766E+00  5.16074246E-01 -8.44971977E-03
  2.25000000E+00  1.95215924E+00 -4.82246788E+01  0.00000000E+00  1.05324845E+00  5.26362623E-01 -8.02841185E-03
  2.30000000E+00  2.00500519E+00 -4.81981034E+01  0.00000000E+00  1.06048668E+00  5.36568250E-01 -7.62510368E-03
  2.35000000E+00  2.05821048E+00 -4.81710199E+01  0.00000000E+00  1.06762095E+00  5.46685124E-01 -7.23919538E-03
  2.40000000E+00  2.11176988E+00 -4.81434327E+01  0.00000000E+00  1.07465293E+00  5.56727169E-01 -6.87624483E-03
  2.45000000E+00  2.16567833E+00 -4.81153453E+01  0.00000000E+00  1.08157777E+00  5.66657887E-01 -6.52555164E-03
  2.50000000E+00  2.21993034E+00 -4.80867641E+01  0.00000000E+00  1.08839577E+00  5.76485717E-01 -6.19096626E-03
  2.55000000E+00  2.27452057E+00 -4.80576941E+01  0.00000000E+00  1.09510637E+00  5.86206364E-01 -5.87187726E-03
  2.60000000E+00  2.32944366E+00 -4.80281408E+01  0.00000000E+00  1.10171366E+00  5.95832117E-01 -5.57102965E-03
  2.65000000E+00  2.38469452E+00 -4.79981086E+01  0.00000000E+00  1.10820987E+00  6.05332734E-01 -5.28243878E-03
  2.70000000E+00  2.44026742E+00 -4.79676044E+01  0.00000000E+00  1.11459803E+00  6.14716407E-01 -5.00776560E-03
  2.75000000E+00  2.49615703E+00 -4.79366340E+01  0.00000000E+00  1.12087822E+00  6.23980324E-01 -4.74639571E-03
  2.80000000E+00  2.55235794E+00 -4.79052034E+01  0.00000000E+00  1.12705065E+00  6.33121852E-01 -4.49770800E-03
  2.85000000E+00  2.60886479E+00 -4.78733188E+01  0.00000000E+00  1.13311561E+00  6.42138593E-01 -4.26107390E-03
  2.90000000E+00  2.66567219E+00 -4.78409864E+01  0.00000000E+00  1.13908250E+00  6.51061692E-01 -4.04413250E-03
  2.95000000E+00  2.72277549E+00 -4.78082102E+01  0.00000000E+00  1.14493634E+00  6.59833116E-01 -3.83211417E-03
  3.00000000E+00  2.78016865E+00 -4.77749993E+01  0.00000000E+00  1.15068461E+00  6.68476297E-01 -3.63080208E-03
  3.05000000E+00  2.83784659E+00 -4.77413594E+01  0.00000000E+00  1.15632820E+00  6.76990271E-01 -3.43964088E-03
  3.10000000E+00  2.89580409E+00 -4.77072970E+01  0.00000000E+00  1.16186799E+00  6.85374090E-01 -3.25807938E-03
  3.15000000E+00  2.95403598E+00 -4.76728187E+01  0.00000000E+00  1.16730494E+00  6.93626960E-01 -3.08556660E-03
  3.20000000E+00  3.01253715E+00 -4.76379311E+01  0.00000000E+00  1.17265102E+00  7.01790633E-01 -2.92956373E-03
  3.25000000E+00  3.07130336E+00 -4.76026374E+01  0.00000000E+00  1.17788847E+00  7.09792287E-01 -2.77588339E-03
  3.30000000E+00  3.13032872E+00 -4.75669478E+01  0.00000000E+00  1.18302665E+00  7.17664076E-01 -2.63018795E-03
  3.35000000E+00  3.18960850E+00 -4.75308678E+01  0.00000000E+00  1.18806690E+00  7.25406381E-01 -2.49202643E-03
  3.40000000E+00  3.24913785E+00 -4.74944039E+01  0.00000000E+00  1.19301051E+00  7.33019526E-01 -2.36096028E-03
  3.45000000E+00  3.30891197E+00 -4.74575626E+01  0.00000000E+00  1.19785878E+00  7.40503950E-01 -2.23656045E-03
  3.50000000E+00  3.36892612E+00 -4.74203503E+01  0.00000000E+00  1.20261306E+00  7.47860192E-01 -2.11840834E-03
  3.55000000E+00  3.42917563E+00 -4.73827734E+01  0.00000000E+00  1.20728420E+00  7.55124359E-01 -2.01344432E-03
  3.60000000E+00  3.48965661E+00 -4.73448356E+01  0.00000000E+00  1.21185730E+00  7.62236914E-01 -1.90863770E-03
  3.65000000E+00  3.55036381E+00 -4.73065459E+01  0.00000000E+00  1.21634093E+00  7.69225505E-01 -1.80930615E-03
  3.70000000E+00  3.61129294E+00 -4.72679099E+01  0.00000000E+00  1.22073666E+00  7.76091425E-01 -1.71512747E-03
  3.75000000E+00  3.67243967E+00 -4.72289337E+01  0.00000000E+00  1.22504597E+00  7.82835903E-01 -1.62579396E-03
  3.80000000E+00  3.73379970E+00 -4.71896233E+01  0.00000000E+00  1.22927038E+00  7.89460217E-01 -1.54100966E-03
  3.85000000E+00  3.79536883E+00 -4.71499847E+01  0.00000000E+00  1.23341140E+00  7.95965689E-01 -1.46048943E-03
  3.90000000E+00  3.85714293E+00 -4.71100238E+01  0.00000000E+00  1.23747053E+00  8.02353674E-01 -1.38395805E-03
  3.95000000E+00  3.91911793E+00 -4.70697464E+01  0.00000000E+00  1.24146202E+00  8.08663475E-01 -1.31842026E-03
  4.00000000E+00  3.98129082E+00 -4.70291555E+01  0.00000000E+00  1.24536445E+00  8.14829513E-01 -1.25075805E-03
  4.05000000E+00  4.04365660E+00 -4.69882598E+01  0.00000000E+00  1.24918971E+00  8.20883745E-01 -1.18660916E-03
  4.10000000E+00  4.10621172E+00 -4.69470643E+01  0.00000000E+00  1.25293938E+00  8.26827928E-01 -1.12576748E-03
  4.15000000E+00  4.16895243E+00 -4.69055743E+01  0.00000000E+00  1.25661497E+00  8.32663722E-01 -1.06803694E-03
  4.20000000E+00  4.23187507E+00 -4.68637952E+01  0.00000000E+00  1.26021794E+00  8.38392794E-01 -1.01322967E-03
  4.25000000E+00  4.29497604E+00 -4.68217323E+01  0.00000000E+00  1.26374977E+00  8.44016818E-01 -9.61165459E-04
  4.30000000E+00  4.35825182E+00 -4.67793909E+01  0.00000000E+00  1.26721190E+00  8.49537470E-01 -9.11671461E-04
  4.35000000E+00  4.42169897E+00 -4.67367760E+01  0.00000000E+00  1.27060574E+00  8.54956428E-01 -8.64581969E-04
  4.40000000E+00  4.48531411E+00 -4.66938927E+01  0.00000000E+00  1.27393271E+00  8.60275365E-01 -8.19738276E-04
  4.45000000E+00  4.54909392E+00 -4.66507460E+01  0.00000000E+00  1.27719418E+00  8.65495951E-01 -7.76988613E-04
  4.50000000E+00  4.61303516E+00 -4.66073407E+01  0.00000000E+00  1.28040717E+00  8.70675567E-01 -7.43688725E-04
  4.55000000E+00  4.67713584E+00 -4.65636774E+01  0.00000000E+00  1.28354457E+00  8.75713694E-01 -7.06069773E-04
  4.60000000E+00  4.74139151E+00 -4.65197657E+01  0.00000000E+00  1.28662072E+00  8.80659472E-01 -6.70316858E-04
  4.65000000E+00  4.80579945E+00 -4.64756091E+01  0.00000000E+00  1.28963704E+00  8.85514764E-01 -6.36320232E-04
  4.70000000E+00  4.87035671E+00 -4.64312120E+01  0.00000000E+00  1.29259482E+00  8.90281278E-01 -6.03976979E-04
  4.75000000E+00  4.93506039E+00 -4.63865788E+01  0.00000000E+00  1.29549535E+00  8.94960705E-01 -5.73189537E-04
  4.80000000E+00  4.99990767E+00 -4.63417138E+01  0.00000000E+00  1.29833987E+00  8.99554709E-01 -5.43865280E-04
  4.85000000E+00  5.06489578E+00 -4.62966212E+01  0.00000000E+00  1.30112962E+00  9.04064936E-01 -5.15916122E-04
  4.90000000E+00  5.13002201E+00 -4.62513052E+01  0.00000000E+00  1.30386579E+00  9.08493006E-01 -4.89258157E-04
  4.95000000E+00  5.19528370E+00 -4.62057698E+01  0.00000000E+00  1.30654958E+00  9.12840511E-01 -4.63811348E-04
  5.00000000E+00  5.26067827E+00 -4.61600191E+01  0.00000000E+00  1.30918212E+00  9.17109022E-01 -4.39499259E-04
  5.05000000E+00  5.32620319E+00 -4.61140569E+01  0.00000000E+00  1.31176454E+00  9.21300081E-01 -4.16248844E-04
  5.10000000E+00  5.39185598E+00 -4.60678872E+01  0.00000000E+00  1.31429796E+00  9.25415203E-01 -3.93990280E-04
  5.15000000E+00  5.45763421E+00 -4.60215135E+01  0.00000000E+00  1.31678344E+00  9.29455879E-01 -3.72656851E-04
  5.20000000E+00  5.52353552E+00 -4.59749397E+01  0.00000000E+00  1.31923749E+00  9.33475615E-01 -3.59167818E-04
  5.25000000E+00  5.58955875E+00 -4.59281654E+01  0.00000000E+00  1.32163271E+00  9.37379410E-01 -3.40540388E-04
  5.30000000E+00  5.65570026E+00 -4.58811989E+01  0.00000000E+00  1.32398322E+00  9.41213691E-01 -3.22759692E-04
  5.35000000E+00  5.72195819E+00 -4.58340423E+01  0.00000000E+00  1.32629008E+00  9.44979984E-01 -3.05777242E-04
  5.40000000E+00  5.78833036E+00 -4.57866992E+01  0.00000000E+00  1.32855426E+00  9.48679695E-01 -2.89547696E-04
  5.45000000E+00  5.85481468E+00 -4.57391727E+01  0.00000000E+00  1.33077672E+00  9.52314201E-01 -2.74028224E-04
  5.50000000E+00  5.92140908E+00 -4.56914661E+01  0.00000000E+00  1.33295839E+00  9.55884850E-01 -2.59178332E-04
  5.55000000E+00  5.98811154E+00 -4.56435826E+01  0.00000000E+00  1.33510018E+00  9.59392961E-01 -2.44959685E-04
  5.60000000E+00  6.05492009E+00 -4.55955253E+01  0.00000000E+00  1.33720298E+00  9.62839825E-01 -2.31335944E-04
  5.65000000E+00  6.12183281E+00 -4.55472971E+01  0.00000000E+00  1.33926765E+00  9.66226705E-01 -2.18272596E-04
  5.70000000E+00  6.18884781E+00 -4.54989011E+01  0.00000000E+00  1.34129505E+00  9.69554833E-01 -2.05736813E-04
  5.75000000E+00  6.25596325E+00 -4.54503401E+01  0.00000000E+00  1.34328600E+00  9.72825415E-01 -1.93697308E-04
