  0.00000000E+00  0.00000000E+00 -4.89000000E+01  0.00000000E+00  8.82563714E-01  1.52014089E-02 -5.37635075E-02
  5.00000000E-02  4.41281857E-02 -4.88992399E+01  0.00000000E+00  8.83923457E-01  1.53067238E-02 -5.36281865E-02
  1.00000000E-01  8.83583521E-02 -4.88984720E+01  0.00000000E+00  8.85284314E-01  1.54125338E-02 -5.34871455E-02
  1.50000000E-01  1.32656589E-01 -4.88976987E+01  0.00000000E+00  8.86665086E-01  1.55129873E-02 -5.33613322E-02
  2.00000000E-01  1.77024363E-01 -4.88969205E+01  0.00000000E+00  8.88035297E-01  1.56205131E-02 -5.32238438E-02
  2.50000000E-01  2.21460383E-01 -4.88961368E+01  0.00000000E+00  8.89401740E-01  1.57283202E-02 -5.30807249E-02
  3.00000000E-01  2.65964631E-01 -4.88953477E+01  0.00000000E+00  8.90794923E-01  1.58258557E-02 -5.29577289E-02
  3.50000000E-01  3.10539207E-01 -4.88945540E+01  0.00000000E+00  8.92171765E-01  1.59350027E-02 -5.28198046E-02
  4.00000000E-01  3.55182216E-01 -4.88937545E+01  0.00000000E+00  8.93545879E-01  1.60444095E-02 -5.26770591E-02
  4.50000000E-01  3.99893863E-01 -4.88929495E+01  0.00000000E+00  8.94941812E-01  1.61458476E-02 -5.25510815E-02
  5.00000000E-01  4.44675852E-01 -4.88921397E+01  0.00000000E+00  8.96324486E-01  1.62560894E-02 -5.24114586E-02
  5.50000000E-01  4.89526643E-01 -4.88913241E+01  0.00000000E+00  8.97704609E-01  1.63667712E-02 -5.22673865E-02
  6.00000000E-01  5.34446376E-01 -4.88905030E+01  0.00000000E+00  8.99108620E-01  1.64711188E-02 -5.21409618E-02
  6.50000000E-01  5.79436908E-01 -4.88896769E+01  0.00000000E+00  9.00498686E-01  1.65826655E-02 -5.20009885E-02
  7.00000000E-01  6.24496594E-01 -4.88888450E+01  0.00000000E+00  9.01900000E-01  1.66902329E-02 -5.18672716E-02
  7.50000000E-01  6.69626626E-01 -4.88880078E+01  0.00000000E+00  9.03294411E-01  1.68030298E-02 -5.17266452E-02
  8.00000000E-01  7.14826207E-01 -4.88871648E+01  0.00000000E+00  9.04691391E-01  1.69108022E-02 -5.15866073E-02
  8.50000000E-01  7.60095701E-01 -4.88863165E+01  0.00000000E+00  9.06090170E-01  1.70250828E-02 -5.14454367E-02
  9.00000000E-01  8.05435179E-01 -4.88854624E+01  0.00000000E+00  9.07494763E-01  1.71370979E-02 -5.13081210E-02
  9.50000000E-01  8.50845032E-01 -4.88846028E+01  0.00000000E+00  9.08897470E-01  1.72513886E-02 -5.11659542E-02
  1.00000000E+00  8.96324973E-01 -4.88837374E+01  0.00000000E+00  9.10297632E-01  1.73656195E-02 -5.10197990E-02
  1.05000000E+00  9.41874859E-01 -4.88828662E+01  0.00000000E+00  9.11717257E-01  1.74769881E-02 -5.08887083E-02
  1.10000000E+00  9.87496213E-01 -4.88819896E+01  0.00000000E+00  9.13125725E-01  1.75933928E-02 -5.07455208E-02
  1.15000000E+00  1.03318771E+00 -4.88811070E+01  0.00000000E+00  9.14532295E-01  1.77100659E-02 -5.05988215E-02
  1.20000000E+00  1.07894949E+00 -4.88802186E+01  0.00000000E+00  9.15953722E-01  1.78225880E-02 -5.04614964E-02
  1.25000000E+00  1.12478271E+00 -4.88793246E+01  0.00000000E+00  9.17368098E-01  1.79416071E-02 -5.03170246E-02
  1.30000000E+00  1.17068648E+00 -4.88784246E+01  0.00000000E+00  9.18780667E-01  1.80613218E-02 -5.01690951E-02
  1.35000000E+00  1.21666082E+00 -4.88775185E+01  0.00000000E+00  9.20209251E-01  1.81702486E-02 -5.00337753E-02
  1.40000000E+00  1.26270700E+00 -4.88766073E+01  0.00000000E+00  9.21629464E-01  1.82906169E-02 -4.98887569E-02
  1.45000000E+00  1.30882398E+00 -4.88756898E+01  0.00000000E+00  9.23047849E-01  1.84113090E-02 -4.97402338E-02
  1.50000000E+00  1.35501183E+00 -4.88747662E+01  0.00000000E+00  9.24486529E-01  1.85235129E-02 -4.96051985E-02
  1.55000000E+00  1.40127212E+00 -4.88738372E+01  0.00000000E+00  9.25913193E-01  1.86451722E-02 -4.94596552E-02
  1.60000000E+00  1.44760345E+00 -4.88729019E+01  0.00000000E+00  9.27338568E-01  1.87671298E-02 -4.93110957E-02
  1.65000000E+00  1.49400601E+00 -4.88719605E+01  0.00000000E+00  9.28775563E-01  1.88844726E-02 -4.91715963E-02
  1.70000000E+00  1.54048072E+00 -4.88710133E+01  0.00000000E+00  9.30207157E-01  1.90078022E-02 -4.90247846E-02
  1.75000000E+00  1.58702686E+00 -4.88700599E+01  0.00000000E+00  9.31637602E-01  1.91315133E-02 -4.88753068E-02
  1.80000000E+00  1.63364451E+00 -4.88691002E+01  0.00000000E+00  9.33082118E-01  1.92481361E-02 -4.87348621E-02
  1.85000000E+00  1.68033472E+00 -4.88681349E+01  0.00000000E+00  9.34519464E-01  1.93731699E-02 -4.85873736E-02
  1.90000000E+00  1.72709663E+00 -4.88671631E+01  0.00000000E+00  9.35955575E-01  1.94985523E-02 -4.84372472E-02
  1.95000000E+00  1.77393031E+00 -4.88661850E+01  0.00000000E+00  9.37404398E-01  1.96151825E-02 -4.82940084E-02
  2.00000000E+00  1.82083675E+00 -4.88652013E+01  0.00000000E+00  9.38847214E-01  1.97425454E-02 -4.81457207E-02
  2.05000000E+00  1.86781518E+00 -4.88642110E+01  0.00000000E+00  9.40288905E-01  1.98703389E-02 -4.79947151E-02
  2.10000000E+00  1.91486567E+00 -4.88632143E+01  0.00000000E+00  9.41745839E-01  1.99904045E-02 -4.78533829E-02
  2.15000000E+00  1.96198939E+00 -4.88622118E+01  0.00000000E+00  9.43193953E-01  2.01188418E-02 -4.77041739E-02
  2.20000000E+00  2.00918529E+00 -4.88612026E+01  0.00000000E+00  9.44641011E-01  2.02475471E-02 -4.75523650E-02
  2.25000000E+00  2.05645351E+00 -4.88601870E+01  0.00000000E+00  9.46098557E-01  2.03688025E-02 -4.74079522E-02
  2.30000000E+00  2.10379488E+00 -4.88591656E+01  0.00000000E+00  9.47551569E-01  2.04990379E-02 -4.72578805E-02
  2.35000000E+00  2.15120878E+00 -4.88581374E+01  0.00000000E+00  9.49003321E-01  2.06295189E-02 -4.71052623E-02
  2.40000000E+00  2.19869524E+00 -4.88571026E+01  0.00000000E+00  9.50468408E-01  2.07524856E-02 -4.69610511E-02
  2.45000000E+00  2.24625529E+00 -4.88560619E+01  0.00000000E+00  9.51927206E-01  2.08844649E-02 -4.68105870E-02
  2.50000000E+00  2.29388812E+00 -4.88550144E+01  0.00000000E+00  9.53385001E-01  2.10167915E-02 -4.66577418E-02
  2.55000000E+00  2.34159382E+00 -4.88539603E+01  0.00000000E+00  9.54856781E-01  2.11418496E-02 -4.65131712E-02
  2.60000000E+00  2.38937345E+00 -4.88529000E+01  0.00000000E+00  9.56320239E-01  2.12754927E-02 -4.63617914E-02
  2.65000000E+00  2.43722605E+00 -4.88518329E+01  0.00000000E+00  9.57782788E-01  2.14094739E-02 -4.62082252E-02
  2.70000000E+00  2.48515175E+00 -4.88507591E+01  0.00000000E+00  9.59256791E-01  2.15352927E-02 -4.60631150E-02
  2.75000000E+00  2.53315144E+00 -4.88496792E+01  0.00000000E+00  9.60725426E-01  2.16701900E-02 -4.59113243E-02
  2.80000000E+00  2.58122443E+00 -4.88485923E+01  0.00000000E+00  9.62193332E-01  2.18054410E-02 -4.57574818E-02
  2.85000000E+00  2.62937079E+00 -4.88474987E+01  0.00000000E+00  9.63671868E-01  2.19342981E-02 -4.56100954E-02
  2.90000000E+00  2.67759135E+00 -4.88463987E+01  0.00000000E+00  9.65144957E-01  2.20709078E-02 -4.54574088E-02
  2.95000000E+00  2.72588543E+00 -4.88452918E+01  0.00000000E+00  9.66617127E-01  2.22078132E-02 -4.53027317E-02
  3.00000000E+00  2.77425309E+00 -4.88441779E+01  0.00000000E+00  9.68099338E-01  2.23397203E-02 -4.51535752E-02
  3.05000000E+00  2.82269511E+00 -4.88430577E+01  0.00000000E+00  9.69577308E-01  2.24783719E-02 -4.50004378E-02
  3.10000000E+00  2.87121092E+00 -4.88419303E+01  0.00000000E+00  9.71054401E-01  2.26173645E-02 -4.48453947E-02
  3.15000000E+00  2.91980057E+00 -4.88407959E+01  0.00000000E+00  9.72543118E-01  2.27456946E-02 -4.46970457E-02
  3.20000000E+00  2.96846494E+00 -4.88396554E+01  0.00000000E+00  9.74025048E-01  2.28853556E-02 -4.45433331E-02
  3.25000000E+00  3.01720324E+00 -4.88385077E+01  0.00000000E+00  9.75506218E-01  2.30252718E-02 -4.43876269E-02
  3.30000000E+00  3.06601558E+00 -4.88373529E+01  0.00000000E+00  9.76998270E-01  2.31604781E-02 -4.42378797E-02
  3.35000000E+00  3.11490280E+00 -4.88361915E+01  0.00000000E+00  9.78484714E-01  2.33020419E-02 -4.40833485E-02
  3.40000000E+00  3.16386420E+00 -4.88350229E+01  0.00000000E+00  9.79970155E-01  2.34440619E-02 -4.39269631E-02
  3.45000000E+00  3.21289984E+00 -4.88338471E+01  0.00000000E+00  9.81465046E-01  2.35763012E-02 -4.37773221E-02
  3.50000000E+00  3.26201046E+00 -4.88326650E+01  0.00000000E+00  9.82955899E-01  2.37195374E-02 -4.36226815E-02
  3.55000000E+00  3.31119553E+00 -4.88314754E+01  0.00000000E+00  9.84445987E-01  2.38630725E-02 -4.34664078E-02
  3.60000000E+00  3.36045508E+00 -4.88302787E+01  0.00000000E+00  9.85948130E-01  2.39995037E-02 -4.33175936E-02
  3.65000000E+00  3.40979004E+00 -4.88290753E+01  0.00000000E+00  9.87442872E-01  2.41440049E-02 -4.31622379E-02
  3.70000000E+00  3.45919955E+00 -4.88278645E+01  0.00000000E+00  9.88936657E-01  2.42888253E-02 -4.30051313E-02
  3.75000000E+00  3.50868373E+00 -4.88266464E+01  0.00000000E+00  9.90444533E-01  2.44263869E-02 -4.28550853E-02
  3.80000000E+00  3.55824366E+00 -4.88254217E+01  0.00000000E+00  9.91943743E-01  2.45726015E-02 -4.26996710E-02
  3.85000000E+00  3.60787832E+00 -4.88241894E+01  0.00000000E+00  9.93442254E-01  2.47192072E-02 -4.25426599E-02
  3.90000000E+00  3.65758790E+00 -4.88229498E+01  0.00000000E+00  9.94945972E-01  2.48576226E-02 -4.23892085E-02
  3.95000000E+00  3.70737279E+00 -4.88217034E+01  0.00000000E+00  9.96449060E-01  2.50059474E-02 -4.22335474E-02
  4.00000000E+00  3.75723282E+00 -4.88204494E+01  0.00000000E+00  9.97951336E-01  2.51545059E-02 -4.20763113E-02
  4.05000000E+00  3.80716794E+00 -4.88191880E+01  0.00000000E+00  9.99466505E-01  2.52959597E-02 -4.19260262E-02
  4.10000000E+00  3.85717915E+00 -4.88179197E+01  0.00000000E+00  1.00097306E+00  2.54453333E-02 -4.17697587E-02
  4.15000000E+00  3.90726547E+00 -4.88166437E+01  0.00000000E+00  1.00247893E+00  2.55951430E-02 -4.16120943E-02
  4.20000000E+00  3.95742706E+00 -4.88153601E+01  0.00000000E+00  1.00398349E+00  2.57455197E-02 -4.14527620E-02
  4.25000000E+00  4.00766385E+00 -4.88140691E+01  0.00000000E+00  1.00550413E+00  2.58851876E-02 -4.13039469E-02
  4.30000000E+00  4.05797707E+00 -4.88127714E+01  0.00000000E+00  1.00701521E+00  2.60365191E-02 -4.11474562E-02
  4.35000000E+00  4.10836561E+00 -4.88114658E+01  0.00000000E+00  1.00852564E+00  2.61881787E-02 -4.09895115E-02
  4.40000000E+00  4.15882965E+00 -4.88101526E+01  0.00000000E+00  1.01003462E+00  2.63403134E-02 -4.08298258E-02
  4.45000000E+00  4.20936911E+00 -4.88088317E+01  0.00000000E+00  1.01155966E+00  2.64845108E-02 -4.06801706E-02
  4.50000000E+00  4.25998521E+00 -4.88075039E+01  0.00000000E+00  1.01307493E+00  2.66379874E-02 -4.05231446E-02
  4.55000000E+00  4.31067684E+00 -4.88061682E+01  0.00000000E+00  1.01458944E+00  2.67918368E-02 -4.03647659E-02
  4.60000000E+00  4.36144418E+00 -4.88048247E+01  0.00000000E+00  1.01610246E+00  2.69462189E-02 -4.02047037E-02
  4.65000000E+00  4.41228713E+00 -4.88034736E+01  0.00000000E+00  1.01763440E+00  2.70908517E-02 -4.00558325E-02
  4.70000000E+00  4.46320714E+00 -4.88021154E+01  0.00000000E+00  1.01915425E+00  2.72464464E-02 -3.98988269E-02
  4.75000000E+00  4.51420285E+00 -4.88007492E+01  0.00000000E+00  1.02067344E+00  2.74024804E-02 -3.97404616E-02
  4.80000000E+00  4.56527450E+00 -4.87993752E+01  0.00000000E+00  1.02219127E+00  2.75590519E-02 -3.95804701E-02
  4.85000000E+00  4.61642201E+00 -4.87979933E+01  0.00000000E+00  1.02372761E+00  2.77033657E-02 -3.94320386E-02
  4.90000000E+00  4.66764680E+00 -4.87966045E+01  0.00000000E+00  1.02525097E+00  2.78605627E-02 -3.92749082E-02
  4.95000000E+00  4.71894744E+00 -4.87952076E+01  0.00000000E+00  1.02677368E+00  2.80181007E-02 -3.91165567E-02
  5.00000000E+00  4.77032419E+00 -4.87938027E+01  0.00000000E+00  1.02829497E+00  2.81761465E-02 -3.89567098E-02
  5.05000000E+00  4.82177697E+00 -4.87923900E+01  0.00000000E+00  1.02983206E+00  2.83245719E-02 -3.88066120E-02
  5.10000000E+00  4.87330700E+00 -4.87909700E+01  0.00000000E+00  1.03135982E+00  2.84841637E-02 -3.86498651E-02
  5.15000000E+00  4.92491318E+00 -4.87895418E+01  0.00000000E+00  1.03288684E+00  2.86440656E-02 -3.84919609E-02
  5.20000000E+00  4.97659570E+00 -4.87881056E+01  0.00000000E+00  1.03441250E+00  2.88044481E-02 -3.83327093E-02
  5.25000000E+00  5.02835447E+00 -4.87866614E+01  0.00000000E+00  1.03595102E+00  2.89553284E-02 -3.81814904E-02
  5.30000000E+00  5.08019048E+00 -4.87852099E+01  0.00000000E+00  1.03748198E+00  2.91164369E-02 -3.80247450E-02
  5.35000000E+00  5.13210285E+00 -4.87837500E+01  0.00000000E+00  1.03901223E+00  2.92778177E-02 -3.78669280E-02
  5.40000000E+00  5.18409172E+00 -4.87822821E+01  0.00000000E+00  1.04054118E+00  2.94395795E-02 -3.77077873E-02
  5.45000000E+00  5.23615701E+00 -4.87808061E+01  0.00000000E+00  1.04208151E+00  2.95920016E-02 -3.75541010E-02
  5.50000000E+00  5.28829959E+00 -4.87793226E+01  0.00000000E+00  1.04361538E+00  2.97556818E-02 -3.73973101E-02
  5.55000000E+00  5.34051870E+00 -4.87778308E+01  0.00000000E+00  1.04514830E+00  2.99196049E-02 -3.72393769E-02
  5.60000000E+00  5.39281444E+00 -4.87763307E+01  0.00000000E+00  1.04667955E+00  3.00839254E-02 -3.70800386E-02
  5.65000000E+00  5.44518670E+00 -4.87748224E+01  0.00000000E+00  1.04822742E+00  3.02369771E-02 -3.69306812E-02
  5.70000000E+00  5.49763677E+00 -4.87733067E+01  0.00000000E+00  1.04976405E+00  3.04026863E-02 -3.67741390E-02
  5.75000000E+00  5.55016339E+00 -4.87717824E+01  0.00000000E+00  1.05129986E+00  3.05686453E-02 -3.66165480E-02
