  0.00000000E+00  0.00000000E+00 -4.89000000E+01  0.00000000E+00  6.26450821E-01  1.23328875E-01 -3.81610533E-02
  5.00000000E-02  3.13225411E-02 -4.88938336E+01  0.00000000E+00  6.34156779E-01  1.30039402E-01 -3.74019096E-02
  1.00000000E-01  6.32230290E-02 -4.88871638E+01  0.00000000E+00  6.42153105E-01  1.37198709E-01 -3.66027169E-02
  1.50000000E-01  9.55305924E-02 -4.88801249E+01  0.00000000E+00  6.50258701E-01  1.44678142E-01 -3.58095338E-02
  2.00000000E-01  1.28246167E-01 -4.88727040E+01  0.00000000E+00  6.58448700E-01  1.52427673E-01 -3.49795075E-02
  2.50000000E-01  1.61373352E-01 -4.88648889E+01  0.00000000E+00  6.66723939E-01  1.60465054E-01 -3.41334106E-02
  3.00000000E-01  1.94916430E-01 -4.88566647E+01  0.00000000E+00  6.75080375E-01  1.68789431E-01 -3.32722428E-02
  3.50000000E-01  2.28879360E-01 -4.88480171E+01  0.00000000E+00  6.83526849E-01  1.77446845E-01 -3.24259065E-02
  4.00000000E-01  2.63266864E-01 -4.88389283E+01  0.00000000E+00  6.92039793E-01  1.86360771E-01 -3.15470415E-02
  4.50000000E-01  2.98081677E-01 -4.88293875E+01  0.00000000E+00  7.00619093E-01  1.95556878E-01 -3.06587892E-02
  5.00000000E-01  3.33327115E-01 -4.88193797E+01  0.00000000E+00  7.09259661E-01  2.05031100E-01 -2.97625588E-02
  5.50000000E-01  3.69006112E-01 -4.88088913E+01  0.00000000E+00  7.17965239E-01  2.14817511E-01 -2.88821426E-02
  6.00000000E-01  4.05122013E-01 -4.87979058E+01  0.00000000E+00  7.26716816E-01  2.24846573E-01 -2.79812218E-02
  6.50000000E-01  4.41676643E-01 -4.87864127E+01  0.00000000E+00  7.35511530E-01  2.35136010E-01 -2.70785143E-02
  7.00000000E-01  4.78672088E-01 -4.87743987E+01  0.00000000E+00  7.44343212E-01  2.45677708E-01 -2.61756761E-02
  7.50000000E-01  5.16110040E-01 -4.87618512E+01  0.00000000E+00  7.53204955E-01  2.56461836E-01 -2.52743052E-02
  8.00000000E-01  5.53991832E-01 -4.87487586E+01  0.00000000E+00  7.62100908E-01  2.67521387E-01 -2.43943157E-02
  8.50000000E-01  5.92319276E-01 -4.87351060E+01  0.00000000E+00  7.71008582E-01  2.78775218E-01 -2.35071245E-02
  9.00000000E-01  6.31092397E-01 -4.87208859E+01  0.00000000E+00  7.79925554E-01  2.90239611E-01 -2.26274391E-02
  9.50000000E-01  6.70311599E-01 -4.87060873E+01  0.00000000E+00  7.88845052E-01  3.01902288E-01 -2.17568079E-02
  1.00000000E+00  7.09976839E-01 -4.86907006E+01  0.00000000E+00  7.97759794E-01  3.13749609E-01 -2.08967045E-02
  1.05000000E+00  7.50087697E-01 -4.86747170E+01  0.00000000E+00  8.06672850E-01  3.25809287E-01 -2.00681951E-02
  1.10000000E+00  7.90644166E-01 -4.86581250E+01  0.00000000E+00  8.15562019E-01  3.37997081E-01 -1.92383618E-02
  1.15000000E+00  8.31644496E-01 -4.86409204E+01  0.00000000E+00  8.24425302E-01  3.50327435E-01 -1.84240087E-02
  1.20000000E+00  8.73087343E-01 -4.86230958E+01  0.00000000E+00  8.33256073E-01  3.62785563E-01 -1.76262555E-02
  1.25000000E+00  9.14970916E-01 -4.86046451E+01  0.00000000E+00  8.42047431E-01  3.75355831E-01 -1.68461139E-02
  1.30000000E+00  9.57293072E-01 -4.85855630E+01  0.00000000E+00  8.50792600E-01  3.88022332E-01 -1.60844422E-02
  1.35000000E+00  1.00005133E+00 -4.85658453E+01  0.00000000E+00  8.59494816E-01  4.00818674E-01 -1.53597378E-02
  1.40000000E+00  1.04324363E+00 -4.85454844E+01  0.00000000E+00  8.68133946E-01  4.13646517E-01 -1.46422996E-02
  1.45000000E+00  1.08686630E+00 -4.85244814E+01  0.00000000E+00  8.76708467E-01  4.26525281E-01 -1.39461902E-02
  1.50000000E+00  1.13091609E+00 -4.85028332E+01  0.00000000E+00  8.85212965E-01  4.39440110E-01 -1.32718185E-02
  1.55000000E+00  1.17538935E+00 -4.84805383E+01  0.00000000E+00  8.93641929E-01  4.52375812E-01 -1.26194930E-02
  1.60000000E+00  1.22028217E+00 -4.84575961E+01  0.00000000E+00  9.01990126E-01  4.65317410E-01 -1.19893964E-02
  1.65000000E+00  1.26559038E+00 -4.84340067E+01  0.00000000E+00  9.10262140E-01  4.78292373E-01 -1.13955399E-02
  1.70000000E+00  1.31131029E+00 -4.84097677E+01  0.00000000E+00  9.18438167E-01  4.91214910E-01 -1.08132100E-02
  1.75000000E+00  1.35743660E+00 -4.83848839E+01  0.00000000E+00  9.26519833E-01  5.04102680E-01 -1.02535072E-02
  1.80000000E+00  1.40396463E+00 -4.83593566E+01  0.00000000E+00  9.34503444E-01  5.16943019E-01 -9.71617517E-03
  1.85000000E+00  1.45088939E+00 -4.83331884E+01  0.00000000E+00  9.42385362E-01  5.29723291E-01 -9.20087021E-03
  1.90000000E+00  1.49820571E+00 -4.83063827E+01  0.00000000E+00  9.50169594E-01  5.42467312E-01 -8.71687300E-03
  1.95000000E+00  1.54590880E+00 -4.82789408E+01  0.00000000E+00  9.57841400E-01  5.55104157E-01 -8.24747326E-03
  2.00000000E+00  1.59399266E+00 -4.82508696E+01  0.00000000E+00  9.65402773E-01  5.67648869E-01 -7.79926483E-03
  2.05000000E+00  1.64245183E+00 -4.82221736E+01  0.00000000E+00  9.72851552E-01  5.80091702E-01 -7.37164847E-03
  2.10000000E+00  1.69128063E+00 -4.81928579E+01  0.00000000E+00  9.80189636E-01  5.92447537E-01 -6.96958757E-03
  2.15000000E+00  1.74047356E+00 -4.81629266E+01  0.00000000E+00  9.87409147E-01  6.04667379E-01 -6.58300852E-03
  2.20000000E+00  1.79002451E+00 -4.81323878E+01  0.00000000E+00  9.94510961E-01  6.16760807E-01 -6.21535872E-03
  2.25000000E+00  1.83992760E+00 -4.81012474E+01  0.00000000E+00  1.00149401E+00  6.28720639E-01 -5.86590276E-03
  2.30000000E+00  1.89017688E+00 -4.80695124E+01  0.00000000E+00  1.00835739E+00  6.40540027E-01 -5.53387514E-03
  2.35000000E+00  1.94076633E+00 -4.80371899E+01  0.00000000E+00  1.01510707E+00  6.52246891E-01 -5.22689867E-03
  2.40000000E+00  1.99169043E+00 -4.80042849E+01  0.00000000E+00  1.02173152E+00  6.63778777E-01 -4.92998680E-03
  2.45000000E+00  2.04294262E+00 -4.79708076E+01  0.00000000E+00  1.02823525E+00  6.75155709E-01 -4.64877174E-03
  2.50000000E+00  2.09451697E+00 -4.79367654E+01  0.00000000E+00  1.03461840E+00  6.86373597E-01 -4.38249690E-03
  2.55000000E+00  2.14640747E+00 -4.79021663E+01  0.00000000E+00  1.04088121E+00  6.97428591E-01 -4.13040049E-03
  2.60000000E+00  2.19860810E+00 -4.78670185E+01  0.00000000E+00  1.04702820E+00  7.08347962E-01 -3.89706579E-03
  2.65000000E+00  2.25111319E+00 -4.78313281E+01  0.00000000E+00  1.05305370E+00  7.19078159E-01 -3.67312669E-03
  2.70000000E+00  2.30391651E+00 -4.77951060E+01  0.00000000E+00  1.05896082E+00  7.29638917E-01 -3.46158782E-03
  2.75000000E+00  2.35701223E+00 -4.77583600E+01  0.00000000E+00  1.06475053E+00  7.40028596E-01 -3.26176538E-03
  2.80000000E+00  2.41039450E+00 -4.77210988E+01  0.00000000E+00  1.07042388E+00  7.50245732E-01 -3.07298707E-03
  2.85000000E+00  2.46405752E+00 -4.76833311E+01  0.00000000E+00  1.07598199E+00  7.60289160E-01 -2.89458987E-03
  2.90000000E+00  2.51799558E+00 -4.76450656E+01  0.00000000E+00  1.08143581E+00  7.70203767E-01 -2.73440439E-03
  2.95000000E+00  2.57220371E+00 -4.76063075E+01  0.00000000E+00  1.08676967E+00  7.79910673E-01 -2.57710352E-03
  3.00000000E+00  2.62667554E+00 -4.75670693E+01  0.00000000E+00  1.09199254E+00  7.89444950E-01 -2.42880332E-03
  3.05000000E+00  2.68140574E+00 -4.75273587E+01  0.00000000E+00  1.09710607E+00  7.98807228E-01 -2.28897376E-03
  3.10000000E+00  2.73638888E+00 -4.74871843E+01  0.00000000E+00  1.10211190E+00  8.07998147E-01 -2.15710822E-03
  3.15000000E+00  2.79161962E+00 -4.74465546E+01  0.00000000E+00  1.10701168E+00  8.17018552E-01 -2.03271913E-03
  3.20000000E+00  2.84709270E+00 -4.74054782E+01  0.00000000E+00  1.11180715E+00  8.25869469E-01 -1.91533711E-03
  3.25000000E+00  2.90280295E+00 -4.73639634E+01  0.00000000E+00  1.11650005E+00  8.34552088E-01 -1.80451020E-03
  3.30000000E+00  2.95874527E+00 -4.73220187E+01  0.00000000E+00  1.12110171E+00  8.43120419E-01 -1.70759092E-03
  3.35000000E+00  3.01491540E+00 -4.72796485E+01  0.00000000E+00  1.12559712E+00  8.51482868E-01 -1.61039151E-03
  3.40000000E+00  3.07130764E+00 -4.72368653E+01  0.00000000E+00  1.12999550E+00  8.59683419E-01 -1.51880008E-03
  3.45000000E+00  3.12791737E+00 -4.71936761E+01  0.00000000E+00  1.13429881E+00  8.67724262E-01 -1.43246252E-03
  3.50000000E+00  3.18473990E+00 -4.71500889E+01  0.00000000E+00  1.13850892E+00  8.75607480E-01 -1.35104453E-03
  3.55000000E+00  3.24177060E+00 -4.71061114E+01  0.00000000E+00  1.14262768E+00  8.83335240E-01 -1.27422891E-03
  3.60000000E+00  3.29900495E+00 -4.70617515E+01  0.00000000E+00  1.14665697E+00  8.90909781E-01 -1.20171533E-03
  3.65000000E+00  3.35643853E+00 -4.70170166E+01  0.00000000E+00  1.15059864E+00  8.98333400E-01 -1.13321999E-03
  3.70000000E+00  3.41406700E+00 -4.69719144E+01  0.00000000E+00  1.15446558E+00  9.05645065E-01 -1.07312214E-03
  3.75000000E+00  3.47188696E+00 -4.69264493E+01  0.00000000E+00  1.15823970E+00  9.12781000E-01 -1.01292840E-03
  3.80000000E+00  3.52989329E+00 -4.68806319E+01  0.00000000E+00  1.16193189E+00  9.19773970E-01 -9.56141630E-04
  3.85000000E+00  3.58808219E+00 -4.68344683E+01  0.00000000E+00  1.16554405E+00  9.26626612E-01 -9.02543315E-04
  3.90000000E+00  3.64644970E+00 -4.67879657E+01  0.00000000E+00  1.16907797E+00  9.33341456E-01 -8.51928201E-04
  3.95000000E+00  3.70499195E+00 -4.67411308E+01  0.00000000E+00  1.17253544E+00  9.39921041E-01 -8.04102730E-04
  4.00000000E+00  3.76370516E+00 -4.66939702E+01  0.00000000E+00  1.17591821E+00  9.46367903E-01 -7.58884453E-04
  4.05000000E+00  3.82258563E+00 -4.66464906E+01  0.00000000E+00  1.17922800E+00  9.52684574E-01 -7.16101460E-04
  4.10000000E+00  3.88162978E+00 -4.65986985E+01  0.00000000E+00  1.18246652E+00  9.58873575E-01 -6.75591823E-04
  4.15000000E+00  3.94083407E+00 -4.65506001E+01  0.00000000E+00  1.18563545E+00  9.64937410E-01 -6.37203053E-04
  4.20000000E+00  4.00019506E+00 -4.65022016E+01  0.00000000E+00  1.18874606E+00  9.70923136E-01 -6.05866402E-04
  4.25000000E+00  4.05971013E+00 -4.64535058E+01  0.00000000E+00  1.19178251E+00  9.76751572E-01 -5.72233044E-04
  4.30000000E+00  4.11937517E+00 -4.64045225E+01  0.00000000E+00  1.19475429E+00  9.82463017E-01 -5.40416204E-04
  4.35000000E+00  4.17918718E+00 -4.63552566E+01  0.00000000E+00  1.19766299E+00  9.88060073E-01 -5.10300992E-04
  4.40000000E+00  4.23914305E+00 -4.63057137E+01  0.00000000E+00  1.20051015E+00  9.93545194E-01 -4.81780201E-04
  4.45000000E+00  4.29923973E+00 -4.62558993E+01  0.00000000E+00  1.20329726E+00  9.98920804E-01 -4.54753262E-04
  4.50000000E+00  4.35947427E+00 -4.62058189E+01  0.00000000E+00  1.20602579E+00  1.00418929E+00 -4.29125866E-04
  4.55000000E+00  4.41984378E+00 -4.61554777E+01  0.00000000E+00  1.20869715E+00  1.00935300E+00 -4.04809602E-04
  4.60000000E+00  4.48034542E+00 -4.61048809E+01  0.00000000E+00  1.21131276E+00  1.01441425E+00 -3.81721607E-04
  4.65000000E+00  4.54097645E+00 -4.60540337E+01  0.00000000E+00  1.21387396E+00  1.01937530E+00 -3.59784217E-04
  4.70000000E+00  4.60173417E+00 -4.60029409E+01  0.00000000E+00  1.21638211E+00  1.02423839E+00 -3.38924638E-04
  4.75000000E+00  4.66261598E+00 -4.59516074E+01  0.00000000E+00  1.21883850E+00  1.02900570E+00 -3.19074625E-04
  4.80000000E+00  4.72361932E+00 -4.59000379E+01  0.00000000E+00  1.22124440E+00  1.03367938E+00 -3.00170173E-04
  4.85000000E+00  4.78474168E+00 -4.58482371E+01  0.00000000E+00  1.22360105E+00  1.03826152E+00 -2.82151224E-04
  4.90000000E+00  4.84598065E+00 -4.57962095E+01  0.00000000E+00  1.22592465E+00  1.04280236E+00 -2.70731856E-04
  4.95000000E+00  4.90733498E+00 -4.57439559E+01  0.00000000E+00  1.22818823E+00  1.04721358E+00 -2.54981587E-04
  5.00000000E+00  4.96880098E+00 -4.56914849E+01  0.00000000E+00  1.23040615E+00  1.05153968E+00 -2.40002732E-04
  5.05000000E+00  5.03037673E+00 -4.56387998E+01  0.00000000E+00  1.23257957E+00  1.05578274E+00 -2.25748861E-04
  5.10000000E+00  5.09206005E+00 -4.55859045E+01  0.00000000E+00  1.23470958E+00  1.05994464E+00 -2.12176677E-04
  5.15000000E+00  5.15384878E+00 -4.55328033E+01  0.00000000E+00  1.23679725E+00  1.06402727E+00 -1.99245511E-04
  5.20000000E+00  5.21574083E+00 -4.54794998E+01  0.00000000E+00  1.23884362E+00  1.06803244E+00 -1.86917158E-04
  5.25000000E+00  5.27773417E+00 -4.54259981E+01  0.00000000E+00  1.24084970E+00  1.07196195E+00 -1.75155721E-04
  5.30000000E+00  5.33982681E+00 -4.53723018E+01  0.00000000E+00  1.24281646E+00  1.07581753E+00 -1.63927465E-04
  5.35000000E+00  5.40201680E+00 -4.53184145E+01  0.00000000E+00  1.24474487E+00  1.07960088E+00 -1.53200672E-04
  5.40000000E+00  5.46430225E+00 -4.52643399E+01  0.00000000E+00  1.24663585E+00  1.08331366E+00 -1.42945518E-04
  5.45000000E+00  5.52668132E+00 -4.52100814E+01  0.00000000E+00  1.24849031E+00  1.08695750E+00 -1.33133945E-04
  5.50000000E+00  5.58915220E+00 -4.51556424E+01  0.00000000E+00  1.25030914E+00  1.09053396E+00 -1.23739546E-04
  5.55000000E+00  5.65171312E+00 -4.51010263E+01  0.00000000E+00  1.25209319E+00  1.09404459E+00 -1.14737462E-04
  5.60000000E+00  5.71436238E+00 -4.50462363E+01  0.00000000E+00  1.25384329E+00  1.09749088E+00 -1.06104281E-04
  5.65000000E+00  5.77709830E+00 -4.49912756E+01  0.00000000E+00  1.25556027E+00  1.10087431E+00 -9.78179447E-05
  5.70000000E+00  5.83991924E+00 -4.49361473E+01  0.00000000E+00  1.25724490E+00  1.10419629E+00 -8.98576619E-05
  5.75000000E+00  5.90282360E+00 -4.48808544E+01  0.00000000E+00  1.25891352E+00  1.10750809E+00 -8.60439804E-05
