  0.00000000E+00  0.00000000E+00 -4.89000000E+01  0.00000000E+00  2.29297134E-01  1.68470157E-01 -1.39671429E-02
  5.00000000E-02  1.14648567E-02 -4.88915765E+01  0.00000000E+00  2.33122602E-01  1.80962630E-01 -1.35897144E-02
  1.00000000E-01  2.32166235E-02 -4.88822160E+01  0.00000000E+00  2.37142222E-01  1.94593343E-01 -1.31868008E-02
  1.50000000E-01  3.51742251E-02 -4.88721456E+01  0.00000000E+00  2.41228843E-01  2.08973929E-01 -1.27715325E-02
  2.00000000E-01  4.73378328E-02 -4.88613374E+01  0.00000000E+00  2.45374760E-01  2.24093611E-01 -1.23455077E-02
  2.50000000E-01  5.97102188E-02 -4.88497547E+01  0.00000000E+00  2.49575795E-01  2.39950183E-01 -1.19100508E-02
  3.00000000E-01  7.22940344E-02 -4.88373608E+01  0.00000000E+00  2.53829102E-01  2.56662388E-01 -1.14937645E-02
  3.50000000E-01  8.50918222E-02 -4.88241099E+01  0.00000000E+00  2.58129211E-01  2.74006117E-01 -1.10494118E-02
  4.00000000E-01  9.81057854E-02 -4.88099760E+01  0.00000000E+00  2.62469291E-01  2.92055876E-01 -1.06009795E-02
  4.50000000E-01  1.11337752E-01 -4.87949219E+01  0.00000000E+00  2.66844477E-01  3.10793816E-01 -1.01500666E-02
  5.00000000E-01  1.24789355E-01 -4.87789138E+01  0.00000000E+00  2.71248909E-01  3.30194473E-01 -9.69837293E-03
  5.50000000E-01  1.38461912E-01 -4.87619191E+01  0.00000000E+00  2.75676448E-01  3.50227559E-01 -9.24760562E-03
  6.00000000E-01  1.52356423E-01 -4.87439069E+01  0.00000000E+00  2.80120742E-01  3.70858286E-01 -8.79945233E-03
  6.50000000E-01  1.66473567E-01 -4.87248482E+01  0.00000000E+00  2.84576855E-01  3.92157451E-01 -8.37235409E-03
  7.00000000E-01  1.80813813E-01 -4.87047078E+01  0.00000000E+00  2.89036762E-01  4.13889259E-01 -7.93745717E-03
  7.50000000E-01  1.95377148E-01 -4.86834701E+01  0.00000000E+00  2.93493256E-01  4.36091886E-01 -7.51030605E-03
  8.00000000E-01  2.10163224E-01 -4.86611104E+01  0.00000000E+00  2.97940142E-01  4.58718899E-01 -7.09225763E-03
  8.50000000E-01  2.25171403E-01 -4.86376088E+01  0.00000000E+00  3.02370846E-01  4.81719488E-01 -6.68458891E-03
  9.00000000E-01  2.40400713E-01 -4.86129478E+01  0.00000000E+00  3.06778906E-01  5.05041117E-01 -6.28844107E-03
  9.50000000E-01  2.55849860E-01 -4.85871127E+01  0.00000000E+00  3.11158038E-01  5.28630158E-01 -5.90480842E-03
  1.00000000E+00  2.71517240E-01 -4.85600915E+01  0.00000000E+00  3.15502180E-01  5.52432480E-01 -5.53453178E-03
  1.05000000E+00  2.87400952E-01 -4.85318748E+01  0.00000000E+00  3.19805543E-01  5.76394010E-01 -5.17829549E-03
  1.10000000E+00  3.03498814E-01 -4.85024560E+01  0.00000000E+00  3.24065224E-01  6.00608280E-01 -4.85484368E-03
  1.15000000E+00  3.19808567E-01 -4.84718203E+01  0.00000000E+00  3.28272807E-01  6.24758839E-01 -4.53152476E-03
  1.20000000E+00  3.36327397E-01 -4.84399786E+01  0.00000000E+00  3.32423978E-01  6.48912507E-01 -4.22371771E-03
  1.25000000E+00  3.53052375E-01 -4.84069291E+01  0.00000000E+00  3.36514760E-01  6.73022669E-01 -3.93144841E-03
  1.30000000E+00  3.69980382E-01 -4.83726752E+01  0.00000000E+00  3.40541190E-01  6.97042705E-01 -3.65463955E-03
  1.35000000E+00  3.87108103E-01 -4.83372226E+01  0.00000000E+00  3.44499719E-01  7.20928449E-01 -3.39309332E-03
  1.40000000E+00  4.04432052E-01 -4.83005790E+01  0.00000000E+00  3.48387223E-01  7.44638441E-01 -3.14650449E-03
  1.45000000E+00  4.21948601E-01 -4.82627543E+01  0.00000000E+00  3.52202261E-01  7.68238925E-01 -2.92286845E-03
  1.50000000E+00  4.39654090E-01 -4.82237524E+01  0.00000000E+00  3.55940733E-01  7.91510129E-01 -2.70692506E-03
  1.55000000E+00  4.57544588E-01 -4.81835951E+01  0.00000000E+00  3.59601069E-01  8.14501886E-01 -2.50487819E-03
  1.60000000E+00  4.75616150E-01 -4.81422952E+01  0.00000000E+00  3.63181936E-01  8.37186391E-01 -2.31614167E-03
  1.65000000E+00  4.93864768E-01 -4.80998688E+01  0.00000000E+00  3.66682183E-01  8.59537660E-01 -2.14009972E-03
  1.70000000E+00  5.12286384E-01 -4.80563331E+01  0.00000000E+00  3.70103487E-01  8.81591112E-01 -1.98002824E-03
  1.75000000E+00  5.30877091E-01 -4.80117022E+01  0.00000000E+00  3.73440559E-01  9.03224725E-01 -1.82824307E-03
  1.80000000E+00  5.49632545E-01 -4.79660001E+01  0.00000000E+00  3.76695344E-01  9.24467210E-01 -1.68735012E-03
  1.85000000E+00  5.68548682E-01 -4.79192457E+01  0.00000000E+00  3.79868001E-01  9.45304838E-01 -1.55668470E-03
  1.90000000E+00  5.87621399E-01 -4.78714595E+01  0.00000000E+00  3.82958868E-01  9.65725818E-01 -1.43559020E-03
  1.95000000E+00  6.06846614E-01 -4.78226627E+01  0.00000000E+00  3.85968518E-01  9.85720684E-01 -1.32342007E-03
  2.00000000E+00  6.26220281E-01 -4.77728768E+01  0.00000000E+00  3.88897922E-01  1.00535620E+00 -1.22305753E-03
  2.05000000E+00  6.45738412E-01 -4.77221181E+01  0.00000000E+00  3.91747558E-01  1.02449746E+00 -1.12789704E-03
  2.10000000E+00  6.65397031E-01 -4.76704147E+01  0.00000000E+00  3.94518593E-01  1.04319946E+00 -1.04005125E-03
  2.15000000E+00  6.85192236E-01 -4.76177872E+01  0.00000000E+00  3.97212349E-01  1.06146140E+00 -9.58978188E-04
  2.20000000E+00  7.05120198E-01 -4.75642576E+01  0.00000000E+00  3.99830188E-01  1.07928340E+00 -8.84164936E-04
  2.25000000E+00  7.25177153E-01 -4.75098479E+01  0.00000000E+00  4.02373579E-01  1.09666696E+00 -8.15125620E-04
  2.30000000E+00  7.45359417E-01 -4.74545799E+01  0.00000000E+00  4.04844080E-01  1.11361479E+00 -7.51401638E-04
  2.35000000E+00  7.65663383E-01 -4.73984755E+01  0.00000000E+00  4.07246548E-01  1.13022555E+00 -6.96007232E-04
  2.40000000E+00  7.86085773E-01 -4.73415489E+01  0.00000000E+00  4.09576300E-01  1.14633322E+00 -6.42329478E-04
  2.45000000E+00  8.06622831E-01 -4.72838296E+01  0.00000000E+00  4.11838000E-01  1.16202139E+00 -5.92876956E-04
  2.50000000E+00  8.27271274E-01 -4.72253363E+01  0.00000000E+00  4.14033465E-01  1.17729706E+00 -5.47305788E-04
  2.55000000E+00  8.48027834E-01 -4.71660896E+01  0.00000000E+00  4.16164450E-01  1.19216730E+00 -5.05298344E-04
  2.60000000E+00  8.68889331E-01 -4.71061094E+01  0.00000000E+00  4.18232723E-01  1.20663965E+00 -4.66560173E-04
  2.65000000E+00  8.89852674E-01 -4.70454157E+01  0.00000000E+00  4.20240052E-01  1.22072208E+00 -4.30818721E-04
  2.70000000E+00  9.10914860E-01 -4.69840275E+01  0.00000000E+00  4.22188202E-01  1.23442285E+00 -3.97822039E-04
  2.75000000E+00  9.32072974E-01 -4.69219638E+01  0.00000000E+00  4.24078927E-01  1.24775051E+00 -3.67337506E-04
  2.80000000E+00  9.53324188E-01 -4.68592431E+01  0.00000000E+00  4.25914171E-01  1.26080819E+00 -3.41054726E-04
  2.85000000E+00  9.74665778E-01 -4.67958763E+01  0.00000000E+00  4.27695159E-01  1.27343116E+00 -3.15298363E-04
  2.90000000E+00  9.96095060E-01 -4.67318891E+01  0.00000000E+00  4.29423739E-01  1.28570864E+00 -2.91501753E-04
  2.95000000E+00  1.01760946E+00 -4.66672968E+01  0.00000000E+00  4.31101617E-01  1.29765006E+00 -2.69498275E-04
  3.00000000E+00  1.03920649E+00 -4.66021157E+01  0.00000000E+00  4.32730409E-01  1.30926442E+00 -2.49135557E-04
  3.05000000E+00  1.06088373E+00 -4.65363621E+01  0.00000000E+00  4.34311698E-01  1.32056070E+00 -2.30273624E-04
  3.10000000E+00  1.08263885E+00 -4.64700517E+01  0.00000000E+00  4.35847026E-01  1.33154780E+00 -2.12783950E-04
  3.15000000E+00  1.10446958E+00 -4.64031996E+01  0.00000000E+00  4.37337899E-01  1.34223451E+00 -1.96548567E-04
  3.20000000E+00  1.12637375E+00 -4.63358207E+01  0.00000000E+00  4.38785784E-01  1.35262950E+00 -1.81459236E-04
  3.25000000E+00  1.14834923E+00 -4.62679294E+01  0.00000000E+00  4.40192106E-01  1.36274130E+00 -1.67416674E-04
  3.30000000E+00  1.17039400E+00 -4.61995395E+01  0.00000000E+00  4.41558248E-01  1.37257831E+00 -1.54329844E-04
  3.35000000E+00  1.19250606E+00 -4.61306647E+01  0.00000000E+00  4.42885555E-01  1.38214873E+00 -1.42115290E-04
  3.40000000E+00  1.21468352E+00 -4.60613180E+01  0.00000000E+00  4.44179507E-01  1.39156371E+00 -1.34254749E-04
  3.45000000E+00  1.23692485E+00 -4.59915044E+01  0.00000000E+00  4.45433231E-01  1.40063751E+00 -1.24056434E-04
  3.50000000E+00  1.25922785E+00 -4.59212457E+01  0.00000000E+00  4.46651835E-01  1.40946900E+00 -1.14567918E-04
  3.55000000E+00  1.28159091E+00 -4.58505515E+01  0.00000000E+00  4.47836540E-01  1.41806599E+00 -1.05731676E-04
  3.60000000E+00  1.30401235E+00 -4.57794332E+01  0.00000000E+00  4.48988484E-01  1.42643576E+00 -9.74952814E-05
  3.65000000E+00  1.32649058E+00 -4.57079022E+01  0.00000000E+00  4.50108766E-01  1.43458541E+00 -8.98106551E-05
  3.70000000E+00  1.34902402E+00 -4.56359692E+01  0.00000000E+00  4.51198451E-01  1.44252182E+00 -8.26336909E-05
  3.75000000E+00  1.37161119E+00 -4.55636447E+01  0.00000000E+00  4.52258562E-01  1.45025169E+00 -7.59239122E-05
  3.80000000E+00  1.39425062E+00 -4.54909389E+01  0.00000000E+00  4.53290089E-01  1.45778150E+00 -6.96441594E-05
  3.85000000E+00  1.41694091E+00 -4.54178615E+01  0.00000000E+00  4.54293987E-01  1.46511754E+00 -6.37603053E-05
  3.90000000E+00  1.43968071E+00 -4.53444223E+01  0.00000000E+00  4.55271176E-01  1.47226588E+00 -5.82409947E-05
  3.95000000E+00  1.46246870E+00 -4.52706303E+01  0.00000000E+00  4.56222543E-01  1.47923244E+00 -5.30574069E-05
  4.00000000E+00  1.48530361E+00 -4.51964945E+01  0.00000000E+00  4.57148943E-01  1.48602291E+00 -4.81830410E-05
  4.05000000E+00  1.50818421E+00 -4.51220236E+01  0.00000000E+00  4.58051201E-01  1.49264281E+00 -4.35935181E-05
  4.10000000E+00  1.53110933E+00 -4.50472259E+01  0.00000000E+00  4.58930109E-01  1.49909748E+00 -3.92664029E-05
  4.15000000E+00  1.55407781E+00 -4.49721097E+01  0.00000000E+00  4.59786434E-01  1.50539209E+00 -3.51810404E-05
  4.20000000E+00  1.57708854E+00 -4.48966827E+01  0.00000000E+00  4.60622155E-01  1.51161355E+00 -3.22018785E-05
  4.25000000E+00  1.60014054E+00 -4.48209465E+01  0.00000000E+00  4.61435574E-01  1.51760981E+00 -2.86995557E-05
  4.30000000E+00  1.62323265E+00 -4.47449161E+01  0.00000000E+00  4.62228507E-01  1.52346068E+00 -2.53983585E-05
  4.35000000E+00  1.64636390E+00 -4.46685968E+01  0.00000000E+00  4.63001634E-01  1.52917083E+00 -2.22835613E-05
  4.40000000E+00  1.66953331E+00 -4.45919955E+01  0.00000000E+00  4.63755588E-01  1.53474460E+00 -1.93416656E-05
  4.45000000E+00  1.69273994E+00 -4.45151189E+01  0.00000000E+00  4.64490978E-01  1.54018618E+00 -1.65602163E-05
  4.50000000E+00  1.71598287E+00 -4.44379736E+01  0.00000000E+00  4.65208393E-01  1.54549963E+00 -1.39277163E-05
  4.55000000E+00  1.73926123E+00 -4.43605658E+01  0.00000000E+00  4.65908398E-01  1.55068886E+00 -1.14335468E-05
  4.60000000E+00  1.76257415E+00 -4.42829016E+01  0.00000000E+00  4.66591540E-01  1.55575765E+00 -9.06789598E-06
  4.65000000E+00  1.78592081E+00 -4.42049870E+01  0.00000000E+00  4.67258342E-01  1.56070963E+00 -6.82169373E-06
  4.70000000E+00  1.80930039E+00 -4.41268277E+01  0.00000000E+00  4.67909312E-01  1.56554834E+00 -4.68655132E-06
  4.75000000E+00  1.83271213E+00 -4.40484293E+01  0.00000000E+00  4.68544936E-01  1.57027716E+00 -2.65470718E-06
  4.80000000E+00  1.85615527E+00 -4.39697973E+01  0.00000000E+00  4.69165684E-01  1.57489937E+00 -7.18976833E-07
  4.85000000E+00  1.87962907E+00 -4.38909367E+01  0.00000000E+00  4.69772010E-01  1.57941814E+00  1.12729279E-06
  4.90000000E+00  1.90313283E+00 -4.38118529E+01  0.00000000E+00  4.70364350E-01  1.58383652E+00  2.89026491E-06
  4.95000000E+00  1.92666586E+00 -4.37325506E+01  0.00000000E+00  4.70943124E-01  1.58815747E+00  4.57565120E-06
  5.00000000E+00  1.95022748E+00 -4.36530347E+01  0.00000000E+00  4.71508737E-01  1.59238382E+00  6.18874678E-06
  5.05000000E+00  1.97381706E+00 -4.35733098E+01  0.00000000E+00  4.72061581E-01  1.59651832E+00  7.73446212E-06
  5.10000000E+00  1.99743396E+00 -4.34933805E+01  0.00000000E+00  4.72602033E-01  1.60056364E+00  9.21735259E-06
  5.15000000E+00  2.02107757E+00 -4.34132512E+01  0.00000000E+00  4.73130456E-01  1.60452233E+00  1.06416452E-05
  5.20000000E+00  2.04474731E+00 -4.33329261E+01  0.00000000E+00  4.73647201E-01  1.60839687E+00  1.20112637E-05
  5.25000000E+00  2.06844259E+00 -4.32524094E+01  0.00000000E+00  4.74152607E-01  1.61218964E+00  1.33298510E-05
  5.30000000E+00  2.09216285E+00 -4.31717051E+01  0.00000000E+00  4.74650932E-01  1.61598435E+00  1.32875170E-05
  5.35000000E+00  2.11590786E+00 -4.30908111E+01  0.00000000E+00  4.75134783E-01  1.61962544E+00  1.44172191E-05
  5.40000000E+00  2.13967669E+00 -4.30097388E+01  0.00000000E+00  4.75608227E-01  1.62319157E+00  1.55011248E-05
  5.45000000E+00  2.16346894E+00 -4.29284900E+01  0.00000000E+00  4.76071569E-01  1.62668491E+00  1.65420024E-05
  5.50000000E+00  2.18728410E+00 -4.28470684E+01  0.00000000E+00  4.76525091E-01  1.63010747E+00  1.75424091E-05
  5.55000000E+00  2.21112169E+00 -4.27654775E+01  0.00000000E+00  4.76969067E-01  1.63346120E+00  1.85047314E-05
  5.60000000E+00  2.23498125E+00 -4.26837206E+01  0.00000000E+00  4.77403761E-01  1.63674799E+00  1.94311971E-05
  5.65000000E+00  2.25886230E+00 -4.26018010E+01  0.00000000E+00  4.77829427E-01  1.63996964E+00  2.03238873E-05
  5.70000000E+00  2.28276441E+00 -4.25197220E+01  0.00000000E+00  4.78246313E-01  1.64312792E+00  2.11847468E-05
  5.75000000E+00  2.30668715E+00 -4.24374867E+01  0.00000000E+00  4.78654655E-01  1.64622454E+00  2.20155937E-05
