  0.00000000E+00  0.00000000E+00 -4.89000000E+01  0.00000000E+00  8.72475648E-01  3.02868154E-02 -5.31488714E-02
  5.00000000E-02  4.36237824E-02 -4.88984857E+01  0.00000000E+00  8.75149793E-01  3.06958602E-02 -5.28848010E-02
  1.00000000E-01  8.74481257E-02 -4.88969406E+01  0.00000000E+00  8.77844550E-01  3.11105673E-02 -5.26125814E-02
  1.50000000E-01  1.31407722E-01 -4.88953747E+01  0.00000000E+00  8.80563191E-01  3.15244997E-02 -5.23550846E-02
  2.00000000E-01  1.75503848E-01 -4.88937882E+01  0.00000000E+00  8.83279939E-01  3.19488153E-02 -5.20845762E-02
  2.50000000E-01  2.19735763E-01 -4.88921801E+01  0.00000000E+00  8.85999839E-01  3.23762618E-02 -5.18079821E-02
  3.00000000E-01  2.64103753E-01 -4.88905506E+01  0.00000000E+00  8.88753736E-01  3.28063657E-02 -5.15531502E-02
  3.50000000E-01  3.08610287E-01 -4.88888996E+01  0.00000000E+00  8.91496320E-01  3.32437957E-02 -5.12789050E-02
  4.00000000E-01  3.53253668E-01 -4.88872264E+01  0.00000000E+00  8.94242947E-01  3.36847591E-02 -5.09997381E-02
  4.50000000E-01  3.98034481E-01 -4.88855312E+01  0.00000000E+00  8.97007936E-01  3.41237194E-02 -5.07307529E-02
  5.00000000E-01  4.42954002E-01 -4.88838140E+01  0.00000000E+00  8.99774483E-01  3.45740354E-02 -5.04523020E-02
  5.50000000E-01  4.88011890E-01 -4.88820740E+01  0.00000000E+00  9.02544601E-01  3.50275720E-02 -5.01688038E-02
  6.00000000E-01  5.33208373E-01 -4.88803113E+01  0.00000000E+00  9.05341743E-01  3.54797294E-02 -4.99026408E-02
  6.50000000E-01  5.78545389E-01 -4.88785260E+01  0.00000000E+00  9.08131384E-01  3.59427864E-02 -4.96203958E-02
  7.00000000E-01  6.24021699E-01 -4.88767173E+01  0.00000000E+00  9.10929166E-01  3.64081548E-02 -4.93389076E-02
  7.50000000E-01  6.69638102E-01 -4.88748853E+01  0.00000000E+00  9.13734581E-01  3.68800839E-02 -4.90539102E-02
  8.00000000E-01  7.15394966E-01 -4.88730295E+01  0.00000000E+00  9.16544015E-01  3.73554027E-02 -4.87649204E-02
  8.50000000E-01  7.61292403E-01 -4.88711498E+01  0.00000000E+00  9.19371831E-01  3.78304012E-02 -4.84856391E-02
  9.00000000E-01  8.07331690E-01 -4.88692464E+01  0.00000000E+00  9.22198078E-01  3.83151407E-02 -4.81967870E-02
  9.50000000E-01  8.53512250E-01 -4.88673186E+01  0.00000000E+00  9.25028106E-01  3.88035027E-02 -4.79040856E-02
  1.00000000E+00  8.99834406E-01 -4.88653662E+01  0.00000000E+00  9.27879260E-01  3.92889131E-02 -4.76220224E-02
  1.05000000E+00  9.46299648E-01 -4.88633896E+01  0.00000000E+00  9.30727346E-01  3.97869191E-02 -4.73298603E-02
  1.10000000E+00  9.92907217E-01 -4.88613878E+01  0.00000000E+00  9.33579462E-01  4.02885350E-02 -4.70342796E-02
  1.15000000E+00  1.03965749E+00 -4.88593608E+01  0.00000000E+00  9.36447278E-01  4.07891808E-02 -4.67469721E-02
  1.20000000E+00  1.08655155E+00 -4.88573089E+01  0.00000000E+00  9.39315952E-01  4.13002616E-02 -4.64517435E-02
  1.25000000E+00  1.13358907E+00 -4.88552311E+01  0.00000000E+00  9.42188700E-01  4.18150417E-02 -4.61535292E-02
  1.30000000E+00  1.18077032E+00 -4.88531274E+01  0.00000000E+00  9.45077287E-01  4.23281722E-02 -4.58631619E-02
  1.35000000E+00  1.22809640E+00 -4.88509982E+01  0.00000000E+00  9.47964782E-01  4.28522391E-02 -4.55648810E-02
  1.40000000E+00  1.27556683E+00 -4.88488425E+01  0.00000000E+00  9.50855909E-01  4.33801324E-02 -4.52636940E-02
  1.45000000E+00  1.32318190E+00 -4.88466603E+01  0.00000000E+00  9.53766672E-01  4.39056819E-02 -4.49739035E-02
  1.50000000E+00  1.37094300E+00 -4.88444519E+01  0.00000000E+00  9.56673700E-01  4.44425154E-02 -4.46737248E-02
  1.55000000E+00  1.41884936E+00 -4.88422163E+01  0.00000000E+00  9.59584252E-01  4.49829142E-02 -4.43708708E-02
  1.60000000E+00  1.46690134E+00 -4.88399537E+01  0.00000000E+00  9.62510008E-01  4.55207648E-02 -4.40745510E-02
  1.65000000E+00  1.51509998E+00 -4.88376642E+01  0.00000000E+00  9.65434073E-01  4.60699154E-02 -4.37717179E-02
  1.70000000E+00  1.56344479E+00 -4.88353469E+01  0.00000000E+00  9.68361492E-01  4.66225990E-02 -4.34664435E-02
  1.75000000E+00  1.61193605E+00 -4.88330020E+01  0.00000000E+00  9.71303975E-01  4.71738851E-02 -4.31686173E-02
  1.80000000E+00  1.66057481E+00 -4.88306295E+01  0.00000000E+00  9.74245004E-01  4.77360798E-02 -4.28641258E-02
  1.85000000E+00  1.70936059E+00 -4.88282287E+01  0.00000000E+00  9.77189136E-01  4.83018631E-02 -4.25573813E-02
  1.90000000E+00  1.75829365E+00 -4.88257994E+01  0.00000000E+00  9.80144079E-01  4.88645151E-02 -4.22561731E-02
  1.95000000E+00  1.80737472E+00 -4.88233421E+01  0.00000000E+00  9.83100640E-01  4.94391436E-02 -4.19502289E-02
  2.00000000E+00  1.85660367E+00 -4.88208558E+01  0.00000000E+00  9.86060106E-01  5.00173058E-02 -4.16423162E-02
  2.05000000E+00  1.90598066E+00 -4.88183405E+01  0.00000000E+00  9.89036700E-01  5.05957299E-02 -4.13434917E-02
  2.10000000E+00  1.95550691E+00 -4.88157962E+01  0.00000000E+00  9.92008020E-01  5.11823605E-02 -4.10363116E-02
  2.15000000E+00  2.00518160E+00 -4.88132225E+01  0.00000000E+00  9.94981948E-01  5.17724986E-02 -4.07274906E-02
  2.20000000E+00  2.05500504E+00 -4.88106191E+01  0.00000000E+00  9.97957755E-01  5.23660972E-02 -4.04166504E-02
  2.25000000E+00  2.10497732E+00 -4.88079859E+01  0.00000000E+00  1.00095143E+00  5.29578310E-02 -4.01164734E-02
  2.30000000E+00  2.15509974E+00 -4.88053233E+01  0.00000000E+00  1.00394025E+00  5.35609372E-02 -3.98080247E-02
  2.35000000E+00  2.20537147E+00 -4.88026301E+01  0.00000000E+00  1.00693126E+00  5.41675497E-02 -3.94980610E-02
  2.40000000E+00  2.25579281E+00 -4.87999066E+01  0.00000000E+00  1.00992368E+00  5.47777040E-02 -3.91863165E-02
  2.45000000E+00  2.30636380E+00 -4.87971525E+01  0.00000000E+00  1.01293620E+00  5.53832435E-02 -3.88856996E-02
  2.50000000E+00  2.35708593E+00 -4.87943681E+01  0.00000000E+00  1.01594031E+00  5.60019639E-02 -3.85767253E-02
  2.55000000E+00  2.40795804E+00 -4.87915526E+01  0.00000000E+00  1.01894615E+00  5.66240952E-02 -3.82664145E-02
  2.60000000E+00  2.45898050E+00 -4.87887058E+01  0.00000000E+00  1.02195293E+00  5.72495762E-02 -3.79545252E-02
  2.65000000E+00  2.51015331E+00 -4.87858277E+01  0.00000000E+00  1.02497970E+00  5.78720289E-02 -3.76548180E-02
  2.70000000E+00  2.56147797E+00 -4.87829185E+01  0.00000000E+00  1.02799783E+00  5.85060639E-02 -3.73463598E-02
  2.75000000E+00  2.61295331E+00 -4.87799774E+01  0.00000000E+00  1.03101741E+00  5.91433048E-02 -3.70369467E-02
  2.80000000E+00  2.66457967E+00 -4.87770043E+01  0.00000000E+00  1.03403774E+00  5.97837507E-02 -3.67263276E-02
  2.85000000E+00  2.71635707E+00 -4.87739991E+01  0.00000000E+00  1.03707436E+00  6.04233230E-02 -3.64260938E-02
  2.90000000E+00  2.76828670E+00 -4.87709619E+01  0.00000000E+00  1.04010345E+00  6.10719845E-02 -3.61179716E-02
  2.95000000E+00  2.82036760E+00 -4.87678921E+01  0.00000000E+00  1.04313342E+00  6.17238074E-02 -3.58090626E-02
  3.00000000E+00  2.87260002E+00 -4.87647896E+01  0.00000000E+00  1.04616366E+00  6.23788026E-02 -3.54991574E-02
  3.05000000E+00  2.92498396E+00 -4.87616543E+01  0.00000000E+00  1.04920679E+00  6.30278916E-02 -3.51980907E-02
  3.10000000E+00  2.97752038E+00 -4.87584867E+01  0.00000000E+00  1.05224507E+00  6.36907817E-02 -3.48917151E-02
  3.15000000E+00  3.03020859E+00 -4.87552856E+01  0.00000000E+00  1.05528385E+00  6.43566795E-02 -3.45847938E-02
  3.20000000E+00  3.08304875E+00 -4.87520511E+01  0.00000000E+00  1.05832247E+00  6.50255719E-02 -3.42771726E-02
  3.25000000E+00  3.13604084E+00 -4.87487831E+01  0.00000000E+00  1.06137706E+00  6.56921717E-02 -3.39806254E-02
  3.30000000E+00  3.18918606E+00 -4.87454818E+01  0.00000000E+00  1.06442160E+00  6.63684550E-02 -3.36755879E-02
  3.35000000E+00  3.24248325E+00 -4.87421465E+01  0.00000000E+00  1.06746622E+00  6.70477642E-02 -3.33702906E-02
  3.40000000E+00  3.29593268E+00 -4.87387771E+01  0.00000000E+00  1.07051040E+00  6.77300511E-02 -3.30646330E-02
  3.45000000E+00  3.34953430E+00 -4.87353736E+01  0.00000000E+00  1.07356697E+00  6.84069029E-02 -3.27666761E-02
  3.50000000E+00  3.40328906E+00 -4.87319363E+01  0.00000000E+00  1.07661612E+00  6.90961508E-02 -3.24644600E-02
  3.55000000E+00  3.45719610E+00 -4.87284643E+01  0.00000000E+00  1.07966476E+00  6.97881482E-02 -3.21621052E-02
  3.60000000E+00  3.51125555E+00 -4.87249576E+01  0.00000000E+00  1.08271224E+00  7.04828730E-02 -3.18594326E-02
  3.65000000E+00  3.56546735E+00 -4.87214161E+01  0.00000000E+00  1.08577225E+00  7.11763192E-02 -3.15672408E-02
  3.70000000E+00  3.61983247E+00 -4.87178399E+01  0.00000000E+00  1.08882362E+00  7.18775244E-02 -3.12681517E-02
  3.75000000E+00  3.67434993E+00 -4.87142285E+01  0.00000000E+00  1.09187386E+00  7.25813319E-02 -3.09691080E-02
  3.80000000E+00  3.72901988E+00 -4.87105818E+01  0.00000000E+00  1.09492249E+00  7.32877177E-02 -3.06699488E-02
  3.85000000E+00  3.78384222E+00 -4.87068998E+01  0.00000000E+00  1.09798107E+00  7.39874157E-02 -3.03791541E-02
  3.90000000E+00  3.83881774E+00 -4.87031829E+01  0.00000000E+00  1.10103200E+00  7.47004016E-02 -3.00838009E-02
  3.95000000E+00  3.89394561E+00 -4.86994301E+01  0.00000000E+00  1.10408131E+00  7.54158071E-02 -2.97886269E-02
  4.00000000E+00  3.94922591E+00 -4.86956414E+01  0.00000000E+00  1.10712834E+00  7.61335676E-02 -2.94934569E-02
  4.05000000E+00  4.00465850E+00 -4.86918168E+01  0.00000000E+00  1.11017243E+00  7.68536697E-02 -2.91978674E-02
  4.10000000E+00  4.06024323E+00 -4.86879561E+01  0.00000000E+00  1.11323644E+00  7.75696714E-02 -2.89172258E-02
  4.15000000E+00  4.11598165E+00 -4.86840597E+01  0.00000000E+00  1.11628372E+00  7.82955784E-02 -2.86270831E-02
  4.20000000E+00  4.17187202E+00 -4.86801268E+01  0.00000000E+00  1.11932877E+00  7.90236315E-02 -2.83374182E-02
  4.25000000E+00  4.22791458E+00 -4.86761574E+01  0.00000000E+00  1.12237104E+00  7.97537586E-02 -2.80480962E-02
  4.30000000E+00  4.28410919E+00 -4.86721515E+01  0.00000000E+00  1.12540999E+00  8.04859160E-02 -2.77588123E-02
  4.35000000E+00  4.34045566E+00 -4.86681089E+01  0.00000000E+00  1.12846388E+00  8.12118977E-02 -2.74829481E-02
  4.40000000E+00  4.39695521E+00 -4.86640301E+01  0.00000000E+00  1.13150410E+00  8.19498549E-02 -2.71991428E-02
  4.45000000E+00  4.45360642E+00 -4.86599142E+01  0.00000000E+00  1.13454152E+00  8.26897587E-02 -2.69160250E-02
  4.50000000E+00  4.51040943E+00 -4.86557612E+01  0.00000000E+00  1.13757566E+00  8.34315812E-02 -2.66335387E-02
  4.55000000E+00  4.56736406E+00 -4.86515711E+01  0.00000000E+00  1.14060614E+00  8.41753244E-02 -2.63515197E-02
  4.60000000E+00  4.62447013E+00 -4.86473437E+01  0.00000000E+00  1.14364925E+00  8.49109317E-02 -2.60791287E-02
  4.65000000E+00  4.68172867E+00 -4.86430798E+01  0.00000000E+00  1.14667831E+00  8.56594222E-02 -2.58021476E-02
  4.70000000E+00  4.73913831E+00 -4.86387781E+01  0.00000000E+00  1.14970390E+00  8.64095927E-02 -2.55259818E-02
  4.75000000E+00  4.79669915E+00 -4.86344388E+01  0.00000000E+00  1.15272550E+00  8.71613935E-02 -2.52505532E-02
  4.80000000E+00  4.85441096E+00 -4.86300620E+01  0.00000000E+00  1.15574268E+00  8.79148471E-02 -2.49756392E-02
  4.85000000E+00  4.91227353E+00 -4.86256474E+01  0.00000000E+00  1.15877204E+00  8.86609322E-02 -2.47116442E-02
  4.90000000E+00  4.97028786E+00 -4.86211957E+01  0.00000000E+00  1.16178684E+00  8.94183057E-02 -2.44420638E-02
  4.95000000E+00  5.02845258E+00 -4.86167059E+01  0.00000000E+00  1.16479752E+00  9.01770560E-02 -2.41734880E-02
  5.00000000E+00  5.08676772E+00 -4.86121780E+01  0.00000000E+00  1.16780361E+00  9.09371080E-02 -2.39058425E-02
  5.05000000E+00  5.14523305E+00 -4.86076122E+01  0.00000000E+00  1.17080473E+00  9.16984300E-02 -2.36389333E-02
  5.10000000E+00  5.20384832E+00 -4.86030082E+01  0.00000000E+00  1.17381217E+00  9.24545684E-02 -2.33816871E-02
  5.15000000E+00  5.26261411E+00 -4.85983666E+01  0.00000000E+00  1.17680903E+00  9.32199662E-02 -2.31200777E-02
  5.20000000E+00  5.32152948E+00 -4.85936865E+01  0.00000000E+00  1.17980109E+00  9.39865250E-02 -2.28596112E-02
  5.25000000E+00  5.38059434E+00 -4.85889680E+01  0.00000000E+00  1.18278796E+00  9.47541962E-02 -2.26002364E-02
  5.30000000E+00  5.43980841E+00 -4.85842111E+01  0.00000000E+00  1.18576932E+00  9.55229528E-02 -2.23418031E-02
  5.35000000E+00  5.49917141E+00 -4.85794157E+01  0.00000000E+00  1.18875990E+00  9.62834285E-02 -2.20936056E-02
  5.40000000E+00  5.55868417E+00 -4.85745825E+01  0.00000000E+00  1.19173533E+00  9.70547948E-02 -2.18403557E-02
  5.45000000E+00  5.61834532E+00 -4.85697105E+01  0.00000000E+00  1.19470535E+00  9.78270200E-02 -2.15883326E-02
  5.50000000E+00  5.67815484E+00 -4.85647998E+01  0.00000000E+00  1.19766950E+00  9.86000428E-02 -2.13374110E-02
  5.55000000E+00  5.73811242E+00 -4.85598505E+01  0.00000000E+00  1.20062742E+00  9.93738805E-02 -2.10873445E-02
  5.60000000E+00  5.79821774E+00 -4.85548625E+01  0.00000000E+00  1.20359235E+00  1.00141853E-01 -2.08473577E-02
  5.65000000E+00  5.85847148E+00 -4.85498362E+01  0.00000000E+00  1.20654339E+00  1.00918466E-01 -2.06031405E-02
  5.70000000E+00  5.91887242E+00 -4.85447708E+01  0.00000000E+00  1.20948845E+00  1.01695585E-01 -2.03602552E-02
  5.75000000E+00  5.97942047E+00 -4.85396666E+01  0.00000000E+00  1.21242716E+00  1.02473158E-01 -2.01186148E-02
