  0.00000000E+00  0.00000000E+00 -4.89000000E+01  0.00000000E+00  8.85934937E-01  3.10565194E-07 -5.39689709E-02
  5.00000000E-02  4.42967468E-02 -4.89000000E+01  0.00000000E+00  8.85932116E-01  3.46703913E-06 -5.39669444E-02
  1.00000000E-01  8.85932821E-02 -4.88999997E+01  0.00000000E+00  8.85923680E-01  7.08258611E-06 -5.39600998E-02
  1.50000000E-01  1.32889255E-01 -4.88999993E+01  0.00000000E+00  8.85933704E-01 -6.58784164E-07 -5.39667873E-02
  2.00000000E-01  1.77186191E-01 -4.88999995E+01  0.00000000E+00  8.85929554E-01  1.93109184E-06 -5.39638107E-02
  2.50000000E-01  2.21482565E-01 -4.88999994E+01  0.00000000E+00  8.85919470E-01  4.85039497E-06 -5.39551805E-02
  3.00000000E-01  2.65778286E-01 -4.88999990E+01  0.00000000E+00  8.85931332E-01  1.59635208E-06 -5.39646147E-02
  3.50000000E-01  3.10075150E-01 -4.88999990E+01  0.00000000E+00  8.85929738E-01  3.87959503E-06 -5.39634027E-02
  4.00000000E-01  3.54371597E-01 -4.88999988E+01  0.00000000E+00  8.85922497E-01  6.28523336E-06 -5.39572418E-02
  4.50000000E-01  3.98667540E-01 -4.88999984E+01  0.00000000E+00  8.85932525E-01 -3.76214193E-07 -5.39641593E-02
  5.00000000E-01  4.42964417E-01 -4.88999986E+01  0.00000000E+00  8.85929510E-01  3.08144073E-06 -5.39618529E-02
  5.50000000E-01  4.87260818E-01 -4.88999984E+01  0.00000000E+00  8.85938342E-01 -6.40657117E-07 -5.39693470E-02
  6.00000000E-01  5.31557955E-01 -4.88999985E+01  0.00000000E+00  8.85935560E-01  1.57630925E-06 -5.39674992E-02
  6.50000000E-01  5.75854664E-01 -4.88999983E+01  0.00000000E+00  8.85935964E-01 -1.53915785E-06 -5.39673564E-02
  7.00000000E-01  6.20151472E-01 -4.88999985E+01  0.00000000E+00  8.85932589E-01  9.73618065E-07 -5.39652831E-02
  7.50000000E-01  6.64448017E-01 -4.88999984E+01  0.00000000E+00  8.85933133E-01  1.10359660E-07 -5.39644468E-02
  8.00000000E-01  7.08744687E-01 -4.88999984E+01  0.00000000E+00  8.85929420E-01  3.44506374E-06 -5.39617881E-02
  8.50000000E-01  7.53041066E-01 -4.88999982E+01  0.00000000E+00  8.85919807E-01  7.61101416E-06 -5.39542749E-02
  9.00000000E-01  7.97336816E-01 -4.88999977E+01  0.00000000E+00  8.85932132E-01  1.01232374E-06 -5.39627422E-02
  9.50000000E-01  8.41633730E-01 -4.88999978E+01  0.00000000E+00  8.85928514E-01  3.33587737E-06 -5.39601974E-02
  1.00000000E+00  8.85930066E-01 -4.88999976E+01  0.00000000E+00  8.85918858E-01  5.90683303E-06 -5.39521294E-02
  1.05000000E+00  9.30225767E-01 -4.88999972E+01  0.00000000E+00  8.85937250E-01  1.22506618E-08 -5.39664155E-02
  1.10000000E+00  9.74523089E-01 -4.88999973E+01  0.00000000E+00  8.85933832E-01  2.97985540E-06 -5.39640865E-02
  1.15000000E+00  1.01881970E+00 -4.88999971E+01  0.00000000E+00  8.85924999E-01  6.20296180E-06 -5.39570251E-02
  1.20000000E+00  1.06311572E+00 -4.88999967E+01  0.00000000E+00  8.85937117E-01 -3.52950623E-06 -5.39648963E-02
  1.25000000E+00  1.10741288E+00 -4.88999972E+01  0.00000000E+00  8.85934696E-01 -6.31327540E-07 -5.39637130E-02
  1.30000000E+00  1.15170956E+00 -4.88999971E+01  0.00000000E+00  8.85941561E-01  3.13913025E-07 -5.39695692E-02
  1.35000000E+00  1.19600681E+00 -4.88999971E+01  0.00000000E+00  8.85938735E-01  3.26082745E-06 -5.39677184E-02
  1.40000000E+00  1.24030367E+00 -4.88999968E+01  0.00000000E+00  8.85930513E-01  6.42267864E-06 -5.39615123E-02
  1.45000000E+00  1.28459999E+00 -4.88999964E+01  0.00000000E+00  8.85932715E-01  1.32762721E-06 -5.39626135E-02
  1.50000000E+00  1.32889668E+00 -4.88999965E+01  0.00000000E+00  8.85929963E-01  4.83066097E-06 -5.39605593E-02
  1.55000000E+00  1.37319311E+00 -4.88999962E+01  0.00000000E+00  8.85921110E-01  8.82483688E-06 -5.39531157E-02
  1.60000000E+00  1.41748895E+00 -4.88999956E+01  0.00000000E+00  8.85939831E-01 -1.17762823E-06 -5.39659673E-02
  1.65000000E+00  1.46178641E+00 -4.88999959E+01  0.00000000E+00  8.85936534E-01  7.94462719E-07 -5.39640994E-02
  1.70000000E+00  1.50608315E+00 -4.88999958E+01  0.00000000E+00  8.85927862E-01  3.25225989E-06 -5.39572876E-02
  1.75000000E+00  1.55037933E+00 -4.88999956E+01  0.00000000E+00  8.85943568E-01  8.33341221E-07 -5.39683899E-02
  1.80000000E+00  1.59467690E+00 -4.88999956E+01  0.00000000E+00  8.85940723E-01  3.38442127E-06 -5.39663532E-02
  1.85000000E+00  1.63897386E+00 -4.88999954E+01  0.00000000E+00  8.85932183E-01  6.79027357E-06 -5.39593333E-02
  1.90000000E+00  1.68327026E+00 -4.88999950E+01  0.00000000E+00  8.85942528E-01 -8.79007222E-07 -5.39653938E-02
  1.95000000E+00  1.72756764E+00 -4.88999952E+01  0.00000000E+00  8.85939939E-01  2.63078378E-06 -5.39639337E-02
  2.00000000E+00  1.77186458E+00 -4.88999950E+01  0.00000000E+00  8.85942146E-01 -2.12177306E-06 -5.39671234E-02
  2.05000000E+00  1.81616174E+00 -4.88999952E+01  0.00000000E+00  8.85939564E-01  2.51159749E-07 -5.39653585E-02
  2.10000000E+00  1.86045865E+00 -4.88999952E+01  0.00000000E+00  8.85931452E-01  3.24039734E-06 -5.39586512E-02
  2.15000000E+00  1.90475502E+00 -4.88999949E+01  0.00000000E+00  8.85943030E-01  6.00948465E-07 -5.39673703E-02
  2.20000000E+00  1.94905246E+00 -4.88999949E+01  0.00000000E+00  8.85940267E-01  3.29228964E-06 -5.39657114E-02
  2.25000000E+00  1.99334941E+00 -4.88999947E+01  0.00000000E+00  8.85932035E-01  6.28653127E-06 -5.39593974E-02
  2.30000000E+00  2.03764580E+00 -4.88999943E+01  0.00000000E+00  8.85945600E-01  1.40848241E-06 -5.39681595E-02
  2.35000000E+00  2.08194342E+00 -4.88999944E+01  0.00000000E+00  8.85943229E-01  3.37627938E-06 -5.39664148E-02
  2.40000000E+00  2.12624053E+00 -4.88999942E+01  0.00000000E+00  8.85935185E-01  5.57598726E-06 -5.39597122E-02
  2.45000000E+00  2.17053708E+00 -4.88999938E+01  0.00000000E+00  8.85942328E-01  3.15783618E-06 -5.39648352E-02
  2.50000000E+00  2.21483438E+00 -4.88999937E+01  0.00000000E+00  8.85938527E-01  6.91940583E-06 -5.39622834E-02
  2.55000000E+00  2.25913121E+00 -4.88999933E+01  0.00000000E+00  8.85928587E-01  1.16209585E-05 -5.39545130E-02
  2.60000000E+00  2.30342739E+00 -4.88999926E+01  0.00000000E+00  8.85944908E-01 -1.59351050E-06 -5.39654466E-02
  2.65000000E+00  2.34772504E+00 -4.88999930E+01  0.00000000E+00  8.85942057E-01  1.20635708E-06 -5.39640602E-02
  2.70000000E+00  2.39202208E+00 -4.88999929E+01  0.00000000E+00  8.85934219E-01  4.58027739E-06 -5.39579761E-02
  2.75000000E+00  2.43631859E+00 -4.88999926E+01  0.00000000E+00  8.85944602E-01  8.51160535E-07 -5.39639460E-02
  2.80000000E+00  2.48061608E+00 -4.88999926E+01  0.00000000E+00  8.85941636E-01  3.61806986E-06 -5.39617863E-02
  2.85000000E+00  2.52491309E+00 -4.88999924E+01  0.00000000E+00  8.85932851E-01  6.91963807E-06 -5.39545031E-02
  2.90000000E+00  2.56920951E+00 -4.88999919E+01  0.00000000E+00  8.85950346E-01  8.82441944E-07 -5.39679913E-02
  2.95000000E+00  2.61350747E+00 -4.88999920E+01  0.00000000E+00  8.85947580E-01  3.42910836E-06 -5.39662852E-02
  3.00000000E+00  2.65780478E+00 -4.88999918E+01  0.00000000E+00  8.85939577E-01  6.38452516E-06 -5.39599067E-02
  3.05000000E+00  2.70210155E+00 -4.88999914E+01  0.00000000E+00  8.85950161E-01  9.97058986E-07 -5.39675450E-02
  3.10000000E+00  2.74639933E+00 -4.88999915E+01  0.00000000E+00  8.85947415E-01  4.35491915E-06 -5.39658865E-02
  3.15000000E+00  2.79069663E+00 -4.88999912E+01  0.00000000E+00  8.85939370E-01  8.20340712E-06 -5.39594306E-02
  3.20000000E+00  2.83499340E+00 -4.88999907E+01  0.00000000E+00  8.85950343E-01  2.99580043E-07 -5.39670450E-02
  3.25000000E+00  2.87929119E+00 -4.88999909E+01  0.00000000E+00  8.85946744E-01  2.94640153E-06 -5.39649195E-02
  3.30000000E+00  2.92358844E+00 -4.88999907E+01  0.00000000E+00  8.85937758E-01  6.44902033E-06 -5.39581242E-02
  3.35000000E+00  2.96788510E+00 -4.88999902E+01  0.00000000E+00  8.85951478E-01  1.73051175E-07 -5.39662809E-02
  3.40000000E+00  3.01218302E+00 -4.88999904E+01  0.00000000E+00  8.85948212E-01  2.74759513E-06 -5.39643503E-02
  3.45000000E+00  3.05648034E+00 -4.88999902E+01  0.00000000E+00  8.85939546E-01  5.88922843E-06 -5.39575663E-02
  3.50000000E+00  3.10077710E+00 -4.88999898E+01  0.00000000E+00  8.85951310E-01  3.40700252E-06 -5.39662116E-02
  3.55000000E+00  3.14507496E+00 -4.88999897E+01  0.00000000E+00  8.85948415E-01  6.10367489E-06 -5.39638118E-02
  3.60000000E+00  3.18937231E+00 -4.88999893E+01  0.00000000E+00  8.85940289E-01  9.27946928E-06 -5.39568259E-02
  3.65000000E+00  3.23366912E+00 -4.88999888E+01  0.00000000E+00  8.85953549E-01 -2.48284062E-07 -5.39651902E-02
  3.70000000E+00  3.27796713E+00 -4.88999890E+01  0.00000000E+00  8.85950439E-01  1.89823623E-06 -5.39632623E-02
  3.75000000E+00  3.32226458E+00 -4.88999889E+01  0.00000000E+00  8.85952650E-01 -2.37407243E-07 -5.39650263E-02
  3.80000000E+00  3.36656226E+00 -4.88999890E+01  0.00000000E+00  8.85950106E-01  2.52233446E-06 -5.39630884E-02
  3.85000000E+00  3.41085971E+00 -4.88999888E+01  0.00000000E+00  8.85952206E-01  1.76702548E-06 -5.39632118E-02
  3.90000000E+00  3.45515737E+00 -4.88999887E+01  0.00000000E+00  8.85949116E-01  4.91172946E-06 -5.39608273E-02
  3.95000000E+00  3.49945475E+00 -4.88999884E+01  0.00000000E+00  8.85940089E-01  9.13993286E-06 -5.39532679E-02
  4.00000000E+00  3.54375153E+00 -4.88999878E+01  0.00000000E+00  8.85955853E-01  1.09130592E-06 -5.39657806E-02
  4.05000000E+00  3.58804971E+00 -4.88999880E+01  0.00000000E+00  8.85953681E-01  4.19992071E-06 -5.39643941E-02
  4.10000000E+00  3.63234734E+00 -4.88999877E+01  0.00000000E+00  8.85953553E-01 -3.09537933E-06 -5.39643406E-02
  4.15000000E+00  3.67664502E+00 -4.88999880E+01  0.00000000E+00  8.85950248E-01 -1.87884762E-07 -5.39625537E-02
  4.20000000E+00  3.72094245E+00 -4.88999879E+01  0.00000000E+00  8.85941132E-01  3.23560168E-06 -5.39555071E-02
  4.25000000E+00  3.76523928E+00 -4.88999877E+01  0.00000000E+00  8.85950212E-01  1.29145752E-06 -5.39599361E-02
  4.30000000E+00  3.80953701E+00 -4.88999877E+01  0.00000000E+00  8.85947668E-01  4.29760805E-06 -5.39580583E-02
  4.35000000E+00  3.85383433E+00 -4.88999874E+01  0.00000000E+00  8.85952108E-01  6.80690463E-08 -5.39616049E-02
  4.40000000E+00  3.89813205E+00 -4.88999875E+01  0.00000000E+00  8.85948392E-01  4.00217124E-06 -5.39588910E-02
  4.45000000E+00  3.94242938E+00 -4.88999872E+01  0.00000000E+00  8.85939115E-01  8.50100876E-06 -5.39510504E-02
  4.50000000E+00  3.98672610E+00 -4.88999867E+01  0.00000000E+00  8.85959483E-01 -3.04564873E-07 -5.39667523E-02
  4.55000000E+00  4.03102458E+00 -4.88999869E+01  0.00000000E+00  8.85956955E-01  2.60044291E-06 -5.39653797E-02
  4.60000000E+00  4.07532237E+00 -4.88999867E+01  0.00000000E+00  8.85949296E-01  6.27896815E-06 -5.39592348E-02
  4.65000000E+00  4.11961964E+00 -4.88999863E+01  0.00000000E+00  8.85958389E-01 -1.91354922E-06 -5.39654414E-02
  4.70000000E+00  4.16391779E+00 -4.88999866E+01  0.00000000E+00  8.85955860E-01  8.11900156E-07 -5.39638758E-02
  4.75000000E+00  4.20821552E+00 -4.88999865E+01  0.00000000E+00  8.85954509E-01  1.06619514E-06 -5.39627028E-02
  4.80000000E+00  4.25251321E+00 -4.88999864E+01  0.00000000E+00  8.85951187E-01  4.10343167E-06 -5.39603589E-02
  4.85000000E+00  4.29681069E+00 -4.88999861E+01  0.00000000E+00  8.85956770E-01  5.27646722E-07 -5.39645996E-02
  4.90000000E+00  4.34110866E+00 -4.88999862E+01  0.00000000E+00  8.85954435E-01  3.26103791E-06 -5.39629077E-02
  4.95000000E+00  4.38540633E+00 -4.88999860E+01  0.00000000E+00  8.85946936E-01  6.16947335E-06 -5.39565580E-02
  5.00000000E+00  4.42970349E+00 -4.88999856E+01  0.00000000E+00  8.85959433E-01  4.63437428E-07 -5.39652014E-02
  5.05000000E+00  4.47400177E+00 -4.88999857E+01  0.00000000E+00  8.85957149E-01  3.61719810E-06 -5.39635610E-02
  5.10000000E+00  4.51829957E+00 -4.88999854E+01  0.00000000E+00  8.85949628E-01  7.60579483E-06 -5.39572674E-02
  5.15000000E+00  4.56259686E+00 -4.88999850E+01  0.00000000E+00  8.85957918E-01  1.32244072E-06 -5.39637784E-02
  5.20000000E+00  4.60689497E+00 -4.88999851E+01  0.00000000E+00  8.85954222E-01  4.52801552E-06 -5.39612025E-02
  5.25000000E+00  4.65119259E+00 -4.88999847E+01  0.00000000E+00  8.85945058E-01  8.53368416E-06 -5.39538072E-02
  5.30000000E+00  4.69548961E+00 -4.88999842E+01  0.00000000E+00  8.85961402E-01  1.56043399E-06 -5.39633626E-02
  5.35000000E+00  4.73978809E+00 -4.88999843E+01  0.00000000E+00  8.85957291E-01  3.88935392E-06 -5.39602613E-02
  5.40000000E+00  4.78408585E+00 -4.88999841E+01  0.00000000E+00  8.85960289E-01 -1.30605908E-06 -5.39626675E-02
  5.45000000E+00  4.82838394E+00 -4.88999843E+01  0.00000000E+00  8.85957689E-01  2.10911998E-06 -5.39611642E-02
  5.50000000E+00  4.87268176E+00 -4.88999841E+01  0.00000000E+00  8.85949432E-01  5.76004231E-06 -5.39546346E-02
  5.55000000E+00  4.91697903E+00 -4.88999837E+01  0.00000000E+00  8.85958663E-01  6.32598385E-07 -5.39616663E-02
  5.60000000E+00  4.96127719E+00 -4.88999838E+01  0.00000000E+00  8.85955348E-01  3.79229971E-06 -5.39592378E-02
  5.65000000E+00  5.00557487E+00 -4.88999835E+01  0.00000000E+00  8.85946152E-01  7.24872565E-06 -5.39517061E-02
  5.70000000E+00  5.04987195E+00 -4.88999831E+01  0.00000000E+00  8.85958846E-01 -8.60202094E-09 -5.39609540E-02
  5.75000000E+00  5.09417021E+00 -4.88999833E+01  0.00000000E+00  8.85955504E-01  3.34809769E-06 -5.39590400E-02
