  0.00000000E+00  0.00000000E+00 -4.89000000E+01  0.00000000E+00  7.67242317E-01  8.72067976E-02 -4.67379539E-02
  5.00000000E-02  3.83621158E-02 -4.88956397E+01  0.00000000E+00  7.73954512E-01  9.05691364E-02 -4.60771507E-02
  1.00000000E-01  7.72276463E-02 -4.88910271E+01  0.00000000E+00  7.80846104E-01  9.40894137E-02 -4.53890729E-02
  1.50000000E-01  1.16442241E-01 -4.88862347E+01  0.00000000E+00  7.87813853E-01  9.77268908E-02 -4.47138657E-02
  2.00000000E-01  1.56007128E-01 -4.88812574E+01  0.00000000E+00  7.94829074E-01  1.01456890E-01 -4.40085474E-02
  2.50000000E-01  1.95923962E-01 -4.88760913E+01  0.00000000E+00  8.01897164E-01  1.05286408E-01 -4.32907218E-02
  3.00000000E-01  2.36195522E-01 -4.88707312E+01  0.00000000E+00  8.09032478E-01  1.09232252E-01 -4.25832931E-02
  3.50000000E-01  2.76825529E-01 -4.88651710E+01  0.00000000E+00  8.16211708E-01  1.13272293E-01 -4.18503804E-02
  4.00000000E-01  3.17815595E-01 -4.88594064E+01  0.00000000E+00  8.23439237E-01  1.17412731E-01 -4.11073751E-02
  4.50000000E-01  3.59168245E-01 -4.88534322E+01  0.00000000E+00  8.30724529E-01  1.21663380E-01 -4.03712888E-02
  5.00000000E-01  4.00886604E-01 -4.88472428E+01  0.00000000E+00  8.38050354E-01  1.26012157E-01 -3.96164805E-02
  5.50000000E-01  4.42972267E-01 -4.88408334E+01  0.00000000E+00  8.45418656E-01  1.30460417E-01 -3.88539175E-02
  6.00000000E-01  4.85427408E-01 -4.88341992E+01  0.00000000E+00  8.52826737E-01  1.35006840E-01 -3.80837241E-02
  6.50000000E-01  5.28253947E-01 -4.88273352E+01  0.00000000E+00  8.60286858E-01  1.39672537E-01 -3.73293592E-02
  7.00000000E-01  5.71454793E-01 -4.88202349E+01  0.00000000E+00  8.67777713E-01  1.44424589E-01 -3.65550193E-02
  7.50000000E-01  6.15030950E-01 -4.88128949E+01  0.00000000E+00  8.75301640E-01  1.49272373E-01 -3.57763422E-02
  8.00000000E-01  6.58984130E-01 -4.88053101E+01  0.00000000E+00  8.82856011E-01  1.54214167E-01 -3.49937095E-02
  8.50000000E-01  7.03315790E-01 -4.87974759E+01  0.00000000E+00  8.90453297E-01  1.59265780E-01 -3.42283147E-02
  9.00000000E-01  7.48028387E-01 -4.87893863E+01  0.00000000E+00  8.98068545E-01  1.64400269E-01 -3.34469347E-02
  9.50000000E-01  7.93122195E-01 -4.87810379E+01  0.00000000E+00  9.05706446E-01  1.69623702E-01 -3.26647549E-02
  1.00000000E+00  8.38598465E-01 -4.87724261E+01  0.00000000E+00  9.13364034E-01  1.74933676E-01 -3.18822599E-02
  1.05000000E+00  8.84458106E-01 -4.87635467E+01  0.00000000E+00  9.21050029E-01  1.80343598E-01 -3.11155910E-02
  1.10000000E+00  9.30702758E-01 -4.87543943E+01  0.00000000E+00  9.28745058E-01  1.85828217E-01 -3.03402731E-02
  1.15000000E+00  9.77332386E-01 -4.87449657E+01  0.00000000E+00  9.36451227E-01  1.91392320E-01 -2.95676244E-02
  1.20000000E+00  1.02434760E+00 -4.87352570E+01  0.00000000E+00  9.44165421E-01  1.97032961E-01 -2.87981653E-02
  1.25000000E+00  1.07174873E+00 -4.87252644E+01  0.00000000E+00  9.51892565E-01  2.02757964E-01 -2.80450156E-02
  1.30000000E+00  1.11953653E+00 -4.87149833E+01  0.00000000E+00  9.59619244E-01  2.08549645E-01 -2.72882128E-02
  1.35000000E+00  1.16771066E+00 -4.87044111E+01  0.00000000E+00  9.67345065E-01  2.14409017E-01 -2.65371862E-02
  1.40000000E+00  1.21627106E+00 -4.86935441E+01  0.00000000E+00  9.75066805E-01  2.20332616E-01 -2.57924089E-02
  1.45000000E+00  1.26521745E+00 -4.86823794E+01  0.00000000E+00  9.82781057E-01  2.26316720E-01 -2.50542261E-02
  1.50000000E+00  1.31454936E+00 -4.86709140E+01  0.00000000E+00  9.90502355E-01  2.32377598E-01 -2.43417007E-02
  1.55000000E+00  1.36426751E+00 -4.86591436E+01  0.00000000E+00  9.98199597E-01  2.38480021E-01 -2.36241241E-02
  1.60000000E+00  1.41436992E+00 -4.86470670E+01  0.00000000E+00  1.00588074E+00  2.44632517E-01 -2.29157532E-02
  1.65000000E+00  1.46485598E+00 -4.86346816E+01  0.00000000E+00  1.01354280E+00  2.50831280E-01 -2.22169690E-02
  1.70000000E+00  1.51572467E+00 -4.86219850E+01  0.00000000E+00  1.02118256E+00  2.57072203E-01 -2.15280437E-02
  1.75000000E+00  1.56697480E+00 -4.86089754E+01  0.00000000E+00  1.02880896E+00  2.63367493E-01 -2.08622327E-02
  1.80000000E+00  1.61860590E+00 -4.85956496E+01  0.00000000E+00  1.03640106E+00  2.69689197E-01 -2.01984515E-02
  1.85000000E+00  1.67061576E+00 -4.85820071E+01  0.00000000E+00  1.04396267E+00  2.76042192E-01 -1.95463311E-02
  1.90000000E+00  1.72300293E+00 -4.85680462E+01  0.00000000E+00  1.05149105E+00  2.82422519E-01 -1.89060968E-02
  1.95000000E+00  1.77576569E+00 -4.85537656E+01  0.00000000E+00  1.05898331E+00  2.88826044E-01 -1.82778611E-02
  2.00000000E+00  1.82890217E+00 -4.85391642E+01  0.00000000E+00  1.06644841E+00  2.95263230E-01 -1.76743263E-02
  2.05000000E+00  1.88241121E+00 -4.85242401E+01  0.00000000E+00  1.07386563E+00  3.01708232E-01 -1.70747170E-02
  2.10000000E+00  1.93628993E+00 -4.85089936E+01  0.00000000E+00  1.08123950E+00  3.08165476E-01 -1.64882983E-02
  2.15000000E+00  1.99053625E+00 -4.84934238E+01  0.00000000E+00  1.08856766E+00  3.14631172E-01 -1.59151789E-02
  2.20000000E+00  2.04514783E+00 -4.84775306E+01  0.00000000E+00  1.09584774E+00  3.21101421E-01 -1.53554201E-02
  2.25000000E+00  2.10012222E+00 -4.84613138E+01  0.00000000E+00  1.10308805E+00  3.27585349E-01 -1.48179621E-02
  2.30000000E+00  2.15545763E+00 -4.84447725E+01  0.00000000E+00  1.11026920E+00  3.34059595E-01 -1.42877556E-02
  2.35000000E+00  2.21115062E+00 -4.84279076E+01  0.00000000E+00  1.11739609E+00  3.40528020E-01 -1.37712692E-02
  2.40000000E+00  2.26719860E+00 -4.84107195E+01  0.00000000E+00  1.12446680E+00  3.46987100E-01 -1.32683944E-02
  2.45000000E+00  2.32359871E+00 -4.83932087E+01  0.00000000E+00  1.13148131E+00  3.53440299E-01 -1.27844940E-02
  2.50000000E+00  2.38034814E+00 -4.83753753E+01  0.00000000E+00  1.13843685E+00  3.59874961E-01 -1.23105133E-02
  2.55000000E+00  2.43744387E+00 -4.83572207E+01  0.00000000E+00  1.14533117E+00  3.66290913E-01 -1.18500962E-02
  2.60000000E+00  2.49488278E+00 -4.83387458E+01  0.00000000E+00  1.15216269E+00  3.72684946E-01 -1.14030233E-02
  2.65000000E+00  2.55266171E+00 -4.83199517E+01  0.00000000E+00  1.15893697E+00  3.79064275E-01 -1.09756887E-02
  2.70000000E+00  2.61077791E+00 -4.83008390E+01  0.00000000E+00  1.16564109E+00  3.85409882E-01 -1.05567250E-02
  2.75000000E+00  2.66922757E+00 -4.82814098E+01  0.00000000E+00  1.17227858E+00  3.91725410E-01 -1.01507704E-02
  2.80000000E+00  2.72800744E+00 -4.82616657E+01  0.00000000E+00  1.17884826E+00  3.98008094E-01 -9.75752103E-03
  2.85000000E+00  2.78711409E+00 -4.82416082E+01  0.00000000E+00  1.18535385E+00  4.04263153E-01 -9.38254568E-03
  2.90000000E+00  2.84654442E+00 -4.82212387E+01  0.00000000E+00  1.19178730E+00  4.10477322E-01 -9.01600434E-03
  2.95000000E+00  2.90629462E+00 -4.82005595E+01  0.00000000E+00  1.19815025E+00  4.16651876E-01 -8.66163145E-03
  3.00000000E+00  2.96636121E+00 -4.81795725E+01  0.00000000E+00  1.20444188E+00  4.22784469E-01 -8.31905525E-03
  3.05000000E+00  3.02674060E+00 -4.81582800E+01  0.00000000E+00  1.21066804E+00  4.28883923E-01 -7.99335599E-03
  3.10000000E+00  3.08742965E+00 -4.81366833E+01  0.00000000E+00  1.21681760E+00  4.34931452E-01 -7.67546159E-03
  3.15000000E+00  3.14842427E+00 -4.81147855E+01  0.00000000E+00  1.22289424E+00  4.40931804E-01 -7.36872601E-03
  3.20000000E+00  3.20972090E+00 -4.80925889E+01  0.00000000E+00  1.22889754E+00  4.46883185E-01 -7.07279007E-03
  3.25000000E+00  3.27131586E+00 -4.80700960E+01  0.00000000E+00  1.23483209E+00  4.52794590E-01 -6.79144810E-03
  3.30000000E+00  3.33320583E+00 -4.80473085E+01  0.00000000E+00  1.24068992E+00  4.58647498E-01 -6.51758394E-03
  3.35000000E+00  3.39538677E+00 -4.80242298E+01  0.00000000E+00  1.24647376E+00  4.64447354E-01 -6.25373607E-03
  3.40000000E+00  3.45785505E+00 -4.80008624E+01  0.00000000E+00  1.25218349E+00  4.70192744E-01 -5.99952644E-03
  3.45000000E+00  3.52060697E+00 -4.79772091E+01  0.00000000E+00  1.25781899E+00  4.75882223E-01 -5.75455350E-03
  3.50000000E+00  3.58363881E+00 -4.79532728E+01  0.00000000E+00  1.26338921E+00  4.81530069E-01 -5.52555867E-03
  3.55000000E+00  3.64694752E+00 -4.79290551E+01  0.00000000E+00  1.26887880E+00  4.87111375E-01 -5.30026059E-03
  3.60000000E+00  3.71052870E+00 -4.79045600E+01  0.00000000E+00  1.27429456E+00  4.92634889E-01 -5.08357259E-03
  3.65000000E+00  3.77437882E+00 -4.78797901E+01  0.00000000E+00  1.27963670E+00  4.98099805E-01 -4.87515237E-03
  3.70000000E+00  3.83849421E+00 -4.78547485E+01  0.00000000E+00  1.28490541E+00  5.03505308E-01 -4.67464584E-03
  3.75000000E+00  3.90287120E+00 -4.78294381E+01  0.00000000E+00  1.29010680E+00  5.08862569E-01 -4.48590179E-03
  3.80000000E+00  3.96750658E+00 -4.78038611E+01  0.00000000E+00  1.29523212E+00  5.14151967E-01 -4.30193674E-03
  3.85000000E+00  4.03239631E+00 -4.77780212E+01  0.00000000E+00  1.30028518E+00  5.19380697E-01 -4.12518287E-03
  3.90000000E+00  4.09753690E+00 -4.77519215E+01  0.00000000E+00  1.30526642E+00  5.24548309E-01 -3.95531734E-03
  3.95000000E+00  4.16292475E+00 -4.77255649E+01  0.00000000E+00  1.31017624E+00  5.29654348E-01 -3.79201355E-03
  4.00000000E+00  4.22855631E+00 -4.76989545E+01  0.00000000E+00  1.31501510E+00  5.34698389E-01 -3.63494072E-03
  4.05000000E+00  4.29442804E+00 -4.76720935E+01  0.00000000E+00  1.31979532E+00  5.39703400E-01 -3.49156213E-03
  4.10000000E+00  4.36053731E+00 -4.76449832E+01  0.00000000E+00  1.32449694E+00  5.44630355E-01 -3.34828897E-03
  4.15000000E+00  4.42687969E+00 -4.76176285E+01  0.00000000E+00  1.32912950E+00  5.49495860E-01 -3.21076646E-03
  4.20000000E+00  4.49345198E+00 -4.75900321E+01  0.00000000E+00  1.33369370E+00  5.54299915E-01 -3.07872935E-03
  4.25000000E+00  4.56025077E+00 -4.75621970E+01  0.00000000E+00  1.33819013E+00  5.59042462E-01 -2.95191323E-03
  4.30000000E+00  4.62727269E+00 -4.75341263E+01  0.00000000E+00  1.34261944E+00  5.63723445E-01 -2.83005127E-03
  4.35000000E+00  4.69451440E+00 -4.75058231E+01  0.00000000E+00  1.34698226E+00  5.68342811E-01 -2.71287303E-03
  4.40000000E+00  4.76197258E+00 -4.74772905E+01  0.00000000E+00  1.35128903E+00  5.72922853E-01 -2.60572775E-03
  4.45000000E+00  4.82964470E+00 -4.74485298E+01  0.00000000E+00  1.35552397E+00  5.77426789E-01 -2.49914060E-03
  4.50000000E+00  4.89752677E+00 -4.74195459E+01  0.00000000E+00  1.35969481E+00  5.81870715E-01 -2.39685550E-03
  4.55000000E+00  4.96561578E+00 -4.73903412E+01  0.00000000E+00  1.36380234E+00  5.86254970E-01 -2.29866084E-03
  4.60000000E+00  5.03390859E+00 -4.73609189E+01  0.00000000E+00  1.36784729E+00  5.90579841E-01 -2.20434885E-03
  4.65000000E+00  5.10240208E+00 -4.73312818E+01  0.00000000E+00  1.37183042E+00  5.94845623E-01 -2.11371364E-03
  4.70000000E+00  5.17109318E+00 -4.73014329E+01  0.00000000E+00  1.37575245E+00  5.99052612E-01 -2.02655077E-03
  4.75000000E+00  5.23997885E+00 -4.72713750E+01  0.00000000E+00  1.37961414E+00  6.03201102E-01 -1.94265697E-03
  4.80000000E+00  5.30905610E+00 -4.72411113E+01  0.00000000E+00  1.38341623E+00  6.07291382E-01 -1.86183005E-03
  4.85000000E+00  5.37832196E+00 -4.72106445E+01  0.00000000E+00  1.38717809E+00  6.11363017E-01 -1.79579035E-03
  4.90000000E+00  5.44777491E+00 -4.71799745E+01  0.00000000E+00  1.39086767E+00  6.15348045E-01 -1.72323604E-03
  4.95000000E+00  5.51741054E+00 -4.71491075E+01  0.00000000E+00  1.39450039E+00  6.19277396E-01 -1.65362180E-03
  5.00000000E+00  5.58722637E+00 -4.71180454E+01  0.00000000E+00  1.39807714E+00  6.23151671E-01 -1.58680507E-03
  5.05000000E+00  5.65721965E+00 -4.70867909E+01  0.00000000E+00  1.40159873E+00  6.26971377E-01 -1.52264670E-03
  5.10000000E+00  5.72738763E+00 -4.70553469E+01  0.00000000E+00  1.40506594E+00  6.30737022E-01 -1.46100898E-03
  5.15000000E+00  5.79772760E+00 -4.70237159E+01  0.00000000E+00  1.40847956E+00  6.34449112E-01 -1.40175547E-03
  5.20000000E+00  5.86823692E+00 -4.69919006E+01  0.00000000E+00  1.41184035E+00  6.38108158E-01 -1.34475098E-03
  5.25000000E+00  5.93891296E+00 -4.69599037E+01  0.00000000E+00  1.41514908E+00  6.41714668E-01 -1.28986167E-03
  5.30000000E+00  6.00975313E+00 -4.69277278E+01  0.00000000E+00  1.41841993E+00  6.45295805E-01 -1.24301840E-03
  5.35000000E+00  6.08075590E+00 -4.68953735E+01  0.00000000E+00  1.42162974E+00  6.48805119E-01 -1.19340721E-03
  5.40000000E+00  6.15191763E+00 -4.68628455E+01  0.00000000E+00  1.42479003E+00  6.52264381E-01 -1.14576699E-03
  5.45000000E+00  6.22323614E+00 -4.68301458E+01  0.00000000E+00  1.42790164E+00  6.55674274E-01 -1.10000232E-03
  5.50000000E+00  6.29470901E+00 -4.67972769E+01  0.00000000E+00  1.43096534E+00  6.59035420E-01 -1.05602199E-03
  5.55000000E+00  6.36633387E+00 -4.67642411E+01  0.00000000E+00  1.43398188E+00  6.62348438E-01 -1.01373791E-03
  5.60000000E+00  6.43810838E+00 -4.67310408E+01  0.00000000E+00  1.43695202E+00  6.65613942E-01 -9.73064854E-04
  5.65000000E+00  6.51003023E+00 -4.66976785E+01  0.00000000E+00  1.43987650E+00  6.68832539E-01 -9.33920108E-04
  5.70000000E+00  6.58209717E+00 -4.66641564E+01  0.00000000E+00  1.44275606E+00  6.72004831E-01 -8.96223085E-04
  5.75000000E+00  6.65430696E+00 -4.66304769E+01  0.00000000E+00  1.44559141E+00  6.75131408E-01 -8.59894971E-04
