  0.00000000E+00  0.00000000E+00 -4.89000000E+01  0.00000000E+00  8.32506629E-01  5.96530707E-02 -5.07138703E-02
  5.00000000E-02  4.16253314E-02 -4.88970173E+01  0.00000000E+00  8.37510425E-01  6.12297818E-02 -5.02211735E-02
  1.00000000E-01  8.36259476E-02 -4.88939164E+01  0.00000000E+00  8.42604075E-01  6.28559120E-02 -4.97119018E-02
  1.50000000E-01  1.25883493E-01 -4.88907330E+01  0.00000000E+00  8.47745616E-01  6.45185908E-02 -4.92188535E-02
  2.00000000E-01  1.68399312E-01 -4.88874655E+01  0.00000000E+00  8.52905310E-01  6.62126289E-02 -4.87028561E-02
  2.50000000E-01  2.11173570E-01 -4.88841125E+01  0.00000000E+00  8.58090216E-01  6.79370505E-02 -4.81778893E-02
  3.00000000E-01  2.54207703E-01 -4.88806725E+01  0.00000000E+00  8.63325109E-01  6.97011888E-02 -4.76711956E-02
  3.50000000E-01  2.97504831E-01 -4.88771434E+01  0.00000000E+00  8.68573066E-01  7.14943379E-02 -4.71404812E-02
  4.00000000E-01  3.41064683E-01 -4.88735238E+01  0.00000000E+00  8.73845435E-01  7.33183794E-02 -4.66023220E-02
  4.50000000E-01  3.84888764E-01 -4.88698123E+01  0.00000000E+00  8.79153042E-01  7.51755923E-02 -4.60708672E-02
  5.00000000E-01  4.28979106E-01 -4.88660071E+01  0.00000000E+00  8.84482112E-01  7.70681622E-02 -4.55262500E-02
  5.50000000E-01  4.73336439E-01 -4.88621064E+01  0.00000000E+00  8.89834143E-01  7.89919572E-02 -4.49751484E-02
  6.00000000E-01  5.17961947E-01 -4.88581087E+01  0.00000000E+00  8.95221530E-01  8.09511321E-02 -4.44338731E-02
  6.50000000E-01  5.62857708E-01 -4.88540122E+01  0.00000000E+00  9.00627055E-01  8.29428685E-02 -4.38779371E-02
  7.00000000E-01  6.08024199E-01 -4.88498152E+01  0.00000000E+00  9.06053800E-01  8.49657614E-02 -4.33164291E-02
  7.50000000E-01  6.53462557E-01 -4.88455164E+01  0.00000000E+00  9.11514043E-01  8.70250809E-02 -4.27662099E-02
  8.00000000E-01  6.99174766E-01 -4.88411136E+01  0.00000000E+00  9.16988605E-01  8.91148710E-02 -4.22002807E-02
  8.50000000E-01  7.45161060E-01 -4.88366056E+01  0.00000000E+00  9.22482157E-01  9.12355518E-02 -4.16299752E-02
  9.00000000E-01  7.91422507E-01 -4.88319908E+01  0.00000000E+00  9.28008447E-01  9.33876252E-02 -4.10673908E-02
  9.50000000E-01  8.37961086E-01 -4.88272677E+01  0.00000000E+00  9.33545282E-01  9.55744132E-02 -4.04945099E-02
  1.00000000E+00  8.84776771E-01 -4.88224343E+01  0.00000000E+00  9.39099128E-01  9.77915120E-02 -3.99181778E-02
  1.05000000E+00  9.31870574E-01 -4.88174893E+01  0.00000000E+00  9.44668446E-01  1.00038177E-01 -3.93381018E-02
  1.10000000E+00  9.79243229E-01 -4.88124312E+01  0.00000000E+00  9.50270553E-01  1.02319884E-01 -3.87754371E-02
  1.15000000E+00  1.02689681E+00 -4.88072582E+01  0.00000000E+00  9.55878707E-01  1.04632276E-01 -3.81968142E-02
  1.20000000E+00  1.07483095E+00 -4.88019687E+01  0.00000000E+00  9.61500519E-01  1.06974008E-01 -3.76162430E-02
  1.25000000E+00  1.12304652E+00 -4.87965615E+01  0.00000000E+00  9.67134671E-01  1.09344543E-01 -3.70336858E-02
  1.30000000E+00  1.17154411E+00 -4.87910350E+01  0.00000000E+00  9.72798604E-01  1.11747897E-01 -3.64646648E-02
  1.35000000E+00  1.22032564E+00 -4.87853875E+01  0.00000000E+00  9.78462784E-01  1.14179288E-01 -3.58843662E-02
  1.40000000E+00  1.26939038E+00 -4.87796178E+01  0.00000000E+00  9.84136906E-01  1.16638212E-01 -3.53032412E-02
  1.45000000E+00  1.31873908E+00 -4.87737244E+01  0.00000000E+00  9.89819598E-01  1.19123988E-01 -3.47211999E-02
  1.50000000E+00  1.36837212E+00 -4.87677060E+01  0.00000000E+00  9.95524507E-01  1.21638264E-01 -3.41539538E-02
  1.55000000E+00  1.41829097E+00 -4.87615613E+01  0.00000000E+00  1.00122924E+00  1.24182058E-01 -3.35770292E-02
  1.60000000E+00  1.46849505E+00 -4.87552886E+01  0.00000000E+00  1.00694003E+00  1.26751484E-01 -3.30006106E-02
  1.65000000E+00  1.51898482E+00 -4.87488868E+01  0.00000000E+00  1.01265547E+00  1.29345873E-01 -3.24247403E-02
  1.70000000E+00  1.56976048E+00 -4.87423546E+01  0.00000000E+00  1.01838644E+00  1.31966021E-01 -3.18610347E-02
  1.75000000E+00  1.62082308E+00 -4.87356908E+01  0.00000000E+00  1.02411505E+00  1.34612574E-01 -3.12915611E-02
  1.80000000E+00  1.67217205E+00 -4.87288940E+01  0.00000000E+00  1.02984563E+00  1.37282155E-01 -3.07237112E-02
  1.85000000E+00  1.72380759E+00 -4.87219632E+01  0.00000000E+00  1.03557673E+00  1.39973940E-01 -3.01574262E-02
  1.90000000E+00  1.77572971E+00 -4.87148972E+01  0.00000000E+00  1.04131942E+00  1.42688866E-01 -2.96042579E-02
  1.95000000E+00  1.82793925E+00 -4.87076949E+01  0.00000000E+00  1.04705478E+00  1.45428106E-01 -2.90464542E-02
  2.00000000E+00  1.88043537E+00 -4.87003550E+01  0.00000000E+00  1.05278808E+00  1.48187903E-01 -2.84915218E-02
  2.05000000E+00  1.93321811E+00 -4.86928766E+01  0.00000000E+00  1.05851798E+00  1.50967387E-01 -2.79395532E-02
  2.10000000E+00  1.98628725E+00 -4.86852587E+01  0.00000000E+00  1.06424305E+00  1.53765572E-01 -2.73904879E-02
  2.15000000E+00  2.03964253E+00 -4.86775005E+01  0.00000000E+00  1.06997846E+00  1.56585689E-01 -2.68593853E-02
  2.20000000E+00  2.09328484E+00 -4.86696007E+01  0.00000000E+00  1.07569831E+00  1.59424022E-01 -2.63216441E-02
  2.25000000E+00  2.14721275E+00 -4.86615585E+01  0.00000000E+00  1.08141083E+00  1.62279125E-01 -2.57880075E-02
  2.30000000E+00  2.20142611E+00 -4.86533732E+01  0.00000000E+00  1.08711472E+00  1.65150065E-01 -2.52584819E-02
  2.35000000E+00  2.25592444E+00 -4.86450439E+01  0.00000000E+00  1.09280858E+00  1.68035881E-01 -2.47329226E-02
  2.40000000E+00  2.31070721E+00 -4.86365700E+01  0.00000000E+00  1.09850861E+00  1.70939604E-01 -2.42248408E-02
  2.45000000E+00  2.36577515E+00 -4.86279504E+01  0.00000000E+00  1.10418659E+00  1.73857445E-01 -2.37125999E-02
  2.50000000E+00  2.42112642E+00 -4.86191846E+01  0.00000000E+00  1.10985221E+00  1.76788035E-01 -2.32054915E-02
  2.55000000E+00  2.47676068E+00 -4.86102719E+01  0.00000000E+00  1.11550433E+00  1.79730489E-01 -2.27035788E-02
  2.60000000E+00  2.53267719E+00 -4.86012118E+01  0.00000000E+00  1.12114175E+00  1.82683883E-01 -2.22068448E-02
  2.65000000E+00  2.58887522E+00 -4.85920038E+01  0.00000000E+00  1.12677605E+00  1.85647855E-01 -2.17262519E-02
  2.70000000E+00  2.64535488E+00 -4.85826473E+01  0.00000000E+00  1.13238641E+00  1.88623865E-01 -2.12435489E-02
  2.75000000E+00  2.70211446E+00 -4.85731417E+01  0.00000000E+00  1.13797954E+00  1.91608437E-01 -2.07666292E-02
  2.80000000E+00  2.75915326E+00 -4.85634867E+01  0.00000000E+00  1.14355433E+00  1.94600652E-01 -2.02955097E-02
  2.85000000E+00  2.81647035E+00 -4.85536819E+01  0.00000000E+00  1.14910963E+00  1.97599554E-01 -1.98301260E-02
  2.90000000E+00  2.87406471E+00 -4.85437269E+01  0.00000000E+00  1.15465927E+00  2.00607573E-01 -1.93819077E-02
  2.95000000E+00  2.93193642E+00 -4.85336213E+01  0.00000000E+00  1.16017871E+00  2.03620998E-01 -1.89320635E-02
  3.00000000E+00  2.99008334E+00 -4.85233649E+01  0.00000000E+00  1.16567644E+00  2.06638757E-01 -1.84885593E-02
  3.05000000E+00  3.04850460E+00 -4.85129576E+01  0.00000000E+00  1.17115146E+00  2.09659959E-01 -1.80513560E-02
  3.10000000E+00  3.10719905E+00 -4.85023990E+01  0.00000000E+00  1.17660277E+00  2.12683684E-01 -1.76203511E-02
  3.15000000E+00  3.16616547E+00 -4.84916893E+01  0.00000000E+00  1.18204113E+00  2.15710679E-01 -1.72050636E-02
  3.20000000E+00  3.22540349E+00 -4.84808281E+01  0.00000000E+00  1.18744780E+00  2.18740371E-01 -1.67901477E-02
  3.25000000E+00  3.28491105E+00 -4.84698153E+01  0.00000000E+00  1.19282882E+00  2.21770315E-01 -1.63818472E-02
  3.30000000E+00  3.34468701E+00 -4.84586510E+01  0.00000000E+00  1.19818329E+00  2.24799648E-01 -1.59800788E-02
  3.35000000E+00  3.40473004E+00 -4.84473353E+01  0.00000000E+00  1.20351674E+00  2.27829503E-01 -1.55909379E-02
  3.40000000E+00  3.46503921E+00 -4.84358681E+01  0.00000000E+00  1.20881936E+00  2.30858465E-01 -1.52045349E-02
  3.45000000E+00  3.52561275E+00 -4.84242494E+01  0.00000000E+00  1.21409358E+00  2.33884644E-01 -1.48248631E-02
  3.50000000E+00  3.58644928E+00 -4.84124796E+01  0.00000000E+00  1.21933859E+00  2.36907185E-01 -1.44517845E-02
  3.55000000E+00  3.64754733E+00 -4.84005586E+01  0.00000000E+00  1.22455975E+00  2.39926886E-01 -1.40910149E-02
  3.60000000E+00  3.70890585E+00 -4.83884868E+01  0.00000000E+00  1.22974752E+00  2.42942781E-01 -1.37332572E-02
  3.65000000E+00  3.77052292E+00 -4.83762643E+01  0.00000000E+00  1.23490444E+00  2.45953059E-01 -1.33821607E-02
  3.70000000E+00  3.83239707E+00 -4.83638913E+01  0.00000000E+00  1.24002981E+00  2.48956947E-01 -1.30375746E-02
  3.75000000E+00  3.89452669E+00 -4.83513684E+01  0.00000000E+00  1.24513035E+00  2.51955900E-01 -1.27045393E-02
  3.80000000E+00  3.95691072E+00 -4.83386956E+01  0.00000000E+00  1.25019388E+00  2.54947753E-01 -1.23749042E-02
  3.85000000E+00  4.01954700E+00 -4.83258735E+01  0.00000000E+00  1.25522448E+00  2.57931394E-01 -1.20518069E-02
  3.90000000E+00  4.08243399E+00 -4.83129023E+01  0.00000000E+00  1.26022152E+00  2.60906096E-01 -1.17350668E-02
  3.95000000E+00  4.14557000E+00 -4.82997826E+01  0.00000000E+00  1.26519147E+00  2.63872472E-01 -1.14305204E-02
  4.00000000E+00  4.20895382E+00 -4.82865148E+01  0.00000000E+00  1.27012341E+00  2.66830572E-01 -1.11286333E-02
  4.05000000E+00  4.27258329E+00 -4.82730994E+01  0.00000000E+00  1.27502079E+00  2.69778091E-01 -1.08331064E-02
  4.10000000E+00  4.33645676E+00 -4.82595368E+01  0.00000000E+00  1.27988310E+00  2.72714314E-01 -1.05437509E-02
  4.15000000E+00  4.40057247E+00 -4.82458276E+01  0.00000000E+00  1.28471618E+00  2.75641139E-01 -1.02653618E-02
  4.20000000E+00  4.46492911E+00 -4.82319724E+01  0.00000000E+00  1.28951005E+00  2.78555983E-01 -9.98981786E-03
  4.25000000E+00  4.52952446E+00 -4.82179717E+01  0.00000000E+00  1.29426804E+00  2.81458351E-01 -9.72035914E-03
  4.30000000E+00  4.59435681E+00 -4.82038263E+01  0.00000000E+00  1.29898981E+00  2.84347698E-01 -9.45682615E-03
  4.35000000E+00  4.65942435E+00 -4.81895366E+01  0.00000000E+00  1.30368022E+00  2.87223941E-01 -9.20407770E-03
  4.40000000E+00  4.72472562E+00 -4.81751035E+01  0.00000000E+00  1.30833124E+00  2.90087904E-01 -8.95374796E-03
  4.45000000E+00  4.79025845E+00 -4.81605275E+01  0.00000000E+00  1.31294548E+00  2.92937527E-01 -8.70917223E-03
  4.50000000E+00  4.85602108E+00 -4.81458094E+01  0.00000000E+00  1.31752264E+00  2.95772261E-01 -8.47017426E-03
  4.55000000E+00  4.92201164E+00 -4.81309500E+01  0.00000000E+00  1.32206728E+00  2.98592784E-01 -8.23913543E-03
  4.60000000E+00  4.98822862E+00 -4.81159498E+01  0.00000000E+00  1.32657215E+00  3.01399549E-01 -8.01261487E-03
  4.65000000E+00  5.05466985E+00 -4.81008097E+01  0.00000000E+00  1.33103957E+00  3.04190451E-01 -7.79148233E-03
  4.70000000E+00  5.12133352E+00 -4.80855304E+01  0.00000000E+00  1.33546932E+00  3.06965041E-01 -7.57555728E-03
  4.75000000E+00  5.18821773E+00 -4.80701127E+01  0.00000000E+00  1.33986121E+00  3.09722865E-01 -7.36463116E-03
  4.80000000E+00  5.25532059E+00 -4.80545577E+01  0.00000000E+00  1.34422217E+00  3.12467171E-01 -7.16428478E-03
  4.85000000E+00  5.32264072E+00 -4.80388657E+01  0.00000000E+00  1.34854121E+00  3.15193939E-01 -6.96504723E-03
  4.90000000E+00  5.39017575E+00 -4.80230378E+01  0.00000000E+00  1.35282236E+00  3.17903386E-01 -6.77068607E-03
  4.95000000E+00  5.45792390E+00 -4.80070749E+01  0.00000000E+00  1.35706553E+00  3.20595147E-01 -6.58104089E-03
  5.00000000E+00  5.52588326E+00 -4.79909779E+01  0.00000000E+00  1.36127771E+00  3.23272774E-01 -6.40115130E-03
  5.05000000E+00  5.59405245E+00 -4.79747473E+01  0.00000000E+00  1.36544702E+00  3.25930643E-01 -6.22196086E-03
  5.10000000E+00  5.66242903E+00 -4.79583843E+01  0.00000000E+00  1.36957845E+00  3.28570303E-01 -6.04725448E-03
  5.15000000E+00  5.73101124E+00 -4.79418898E+01  0.00000000E+00  1.37367200E+00  3.31191480E-01 -5.87687393E-03
  5.20000000E+00  5.79979718E+00 -4.79252647E+01  0.00000000E+00  1.37772762E+00  3.33793853E-01 -5.71063807E-03
  5.25000000E+00  5.86878495E+00 -4.79085099E+01  0.00000000E+00  1.38175275E+00  3.36381861E-01 -5.55342051E-03
  5.30000000E+00  5.93797321E+00 -4.78916261E+01  0.00000000E+00  1.38573546E+00  3.38948975E-01 -5.39701732E-03
  5.35000000E+00  6.00735956E+00 -4.78746145E+01  0.00000000E+00  1.38968065E+00  3.41497040E-01 -5.24464484E-03
  5.40000000E+00  6.07694222E+00 -4.78574760E+01  0.00000000E+00  1.39358838E+00  3.44025808E-01 -5.09615479E-03
  5.45000000E+00  6.14671933E+00 -4.78402115E+01  0.00000000E+00  1.39745867E+00  3.46534997E-01 -4.95137217E-03
  5.50000000E+00  6.21668902E+00 -4.78228220E+01  0.00000000E+00  1.40129150E+00  3.49024313E-01 -4.81009444E-03
  5.55000000E+00  6.28684942E+00 -4.78053085E+01  0.00000000E+00  1.40509894E+00  3.51499864E-01 -4.67958626E-03
  5.60000000E+00  6.35719955E+00 -4.77876716E+01  0.00000000E+00  1.40886085E+00  3.53953346E-01 -4.54729080E-03
  5.65000000E+00  6.42773664E+00 -4.77699126E+01  0.00000000E+00  1.41258597E+00  3.56387193E-01 -4.41846096E-03
  5.70000000E+00  6.49845907E+00 -4.77520324E+01  0.00000000E+00  1.41627442E+00  3.58801272E-01 -4.29296320E-03
  5.75000000E+00  6.56936500E+00 -4.77340320E+01  0.00000000E+00  1.41992632E+00  3.61195421E-01 -4.17065012E-03
