  0.00000000E+00  0.00000000E+00 -4.80000000E+01  0.00000000E+00  1.02047760E+00  6.62966084E-01 -4.75433271E-03
  1.00000000E-01  1.02047760E-01 -4.79337034E+01  0.00000000E+00  1.03298207E+00  6.84956398E-01 -4.18917369E-03
  2.00000000E-01  2.05971190E-01 -4.78641082E+01  0.00000000E+00  1.04518694E+00  7.06634371E-01 -3.67035616E-03
  3.00000000E-01  3.11100129E-01 -4.77923609E+01  0.00000000E+00  1.05687908E+00  7.27602849E-01 -3.19949305E-03
  4.00000000E-01  4.17372643E-01 -4.77185522E+01  0.00000000E+00  1.06805463E+00  7.47835518E-01 -2.76976342E-03
  5.00000000E-01  5.24736885E-01 -4.76427570E+01  0.00000000E+00  1.07871389E+00  7.67318256E-01 -2.37457436E-03
  6.00000000E-01  6.33141236E-01 -4.75650510E+01  0.00000000E+00  1.08885803E+00  7.86043095E-01 -2.00787730E-03
  0.00000000E+00  0.00000000E+00 -4.80000000E+01  0.00000000E+00  1.01985023E+00  6.62562575E-01 -4.89920261E-03
  1.00000000E-01  1.01985023E-01 -4.79337437E+01  0.00000000E+00  1.03231509E+00  6.84534960E-01 -4.30622427E-03
  2.00000000E-01  2.05839774E-01 -4.78641916E+01  0.00000000E+00  1.04445176E+00  7.06167067E-01 -3.76985549E-03
  3.00000000E-01  3.10891785E-01 -4.77924933E+01  0.00000000E+00  1.05604527E+00  7.27060362E-01 -3.28839062E-03
  4.00000000E-01  4.17075987E-01 -4.77187426E+01  0.00000000E+00  1.06708936E+00  7.47185923E-01 -2.85198396E-03
  5.00000000E-01  5.24337128E-01 -4.76430177E+01  0.00000000E+00  1.07758187E+00  7.66526355E-01 -2.45078321E-03
  6.00000000E-01  6.32619941E-01 -4.75653981E+01  0.00000000E+00  1.08752169E+00  7.85070205E-01 -2.07511457E-03
  0.00000000E+00  0.00000000E+00 -4.80000000E+01  0.00000000E+00  1.01985023E+00  6.62562575E-01 -4.89920261E-03
  1.00000000E-01  1.01985023E-01 -4.79337437E+01  0.00000000E+00  1.03231509E+00  6.84534960E-01 -4.30622427E-03
  2.00000000E-01  2.05839774E-01 -4.78641916E+01  0.00000000E+00  1.04445176E+00  7.06167067E-01 -3.76985549E-03
  3.00000000E-01  3.10891785E-01 -4.77924933E+01  0.00000000E+00  1.05604527E+00  7.27060362E-01 -3.28839062E-03
  4.00000000E-01  4.17075987E-01 -4.77187426E+01  0.00000000E+00  1.06708936E+00  7.47185923E-01 -2.85198396E-03
  5.00000000E-01  5.24337128E-01 -4.76430177E+01  0.00000000E+00  1.07758187E+00  7.66526355E-01 -2.45078321E-03
  6.00000000E-01  6.32619941E-01 -4.75653981E+01  0.00000000E+00  1.08752169E+00  7.85070205E-01 -2.07511457E-03
  7.00000000E-01  7.41869100E-01 -4.74859639E+01  0.00000000E+00  1.09975715E+00  8.05866617E-01 -2.32943785E-03
  8.00000000E-01  8.52456588E-01 -4.74043374E+01  0.00000000E+00  1.10936910E+00  8.23640236E-01 -2.05233257E-03
  9.00000000E-01  9.63874096E-01 -4.73210847E+01  0.00000000E+00  1.11851726E+00  8.40678443E-01 -1.81070454E-03
  1.00000000E+00  1.07618323E+00 -4.72361649E+01  0.00000000E+00  1.12722595E+00  8.57016958E-01 -1.59989788E-03
  1.10000000E+00  1.18934126E+00 -4.71496463E+01  0.00000000E+00  1.13550534E+00  8.72668142E-01 -1.41621825E-03
  1.20000000E+00  1.30330576E+00 -4.70615969E+01  0.00000000E+00  1.14336475E+00  8.87645200E-01 -1.25649983E-03
  1.30000000E+00  1.41803521E+00 -4.69720836E+01  0.00000000E+00  1.15081275E+00  9.01962211E-01 -1.11800366E-03
  1.40000000E+00  1.53348888E+00 -4.68811715E+01  0.00000000E+00  1.15785729E+00  9.15633994E-01 -9.98315272E-04
  1.50000000E+00  1.64962684E+00 -4.67889245E+01  0.00000000E+00  1.16648020E+00  9.30852650E-01 -1.01390163E-03
  1.60000000E+00  1.76670600E+00 -4.66950783E+01  0.00000000E+00  1.17326182E+00  9.43813988E-01 -8.97949818E-04
  1.70000000E+00  1.88437127E+00 -4.66000488E+01  0.00000000E+00  1.17971153E+00  9.56207609E-01 -8.00069188E-04
  1.80000000E+00  2.00266491E+00 -4.65038084E+01  0.00000000E+00  1.18584615E+00  9.68063370E-01 -7.17963016E-04
  1.90000000E+00  2.12155625E+00 -4.64064093E+01  0.00000000E+00  1.19167489E+00  9.79398209E-01 -6.49835019E-04
  2.00000000E+00  2.24101518E+00 -4.63079027E+01  0.00000000E+00  1.19720545E+00  9.90227731E-01 -5.94217624E-04
  2.10000000E+00  2.36101225E+00 -4.62083385E+01  0.00000000E+00  1.20244422E+00  1.00056638E+00 -5.49871161E-04
  2.20000000E+00  2.48151861E+00 -4.61077649E+01  0.00000000E+00  1.20739644E+00  1.01042762E+00 -5.15680446E-04
  2.30000000E+00  2.60250586E+00 -4.60062291E+01  0.00000000E+00  1.21206646E+00  1.01982412E+00 -4.90552595E-04
  2.40000000E+00  2.72394601E+00 -4.59037768E+01  0.00000000E+00  1.21860855E+00  1.03097253E+00 -3.18126658E-04
  2.50000000E+00  2.84613397E+00 -4.58001222E+01  0.00000000E+00  1.22323519E+00  1.04000421E+00 -2.56279215E-04
  2.60000000E+00  2.96868882E+00 -4.56956702E+01  0.00000000E+00  1.22764228E+00  1.04865147E+00 -2.03561241E-04
  2.70000000E+00  3.09167340E+00 -4.55903726E+01  0.00000000E+00  1.23184145E+00  1.05693688E+00 -1.58870634E-04
  2.80000000E+00  3.21506751E+00 -4.54842647E+01  0.00000000E+00  1.23583947E+00  1.06487424E+00 -1.21367739E-04
  2.90000000E+00  3.33885136E+00 -4.53773804E+01  0.00000000E+00  1.23964218E+00  1.07247622E+00 -9.03881391E-05
  3.00000000E+00  3.46300571E+00 -4.52697527E+01  0.00000000E+00  1.24325467E+00  1.07975453E+00 -6.53991887E-05
  3.10000000E+00  3.58751180E+00 -4.51614133E+01  0.00000000E+00  1.24668133E+00  1.08672002E+00 -4.59610623E-05
  3.20000000E+00  3.71235127E+00 -4.50523930E+01  0.00000000E+00  1.24992606E+00  1.09338284E+00 -3.16923722E-05
  3.30000000E+00  3.83750611E+00 -4.49427216E+01  0.00000000E+00  1.25299236E+00  1.09975256E+00 -2.22404190E-05
  3.40000000E+00  3.96295866E+00 -4.48324279E+01  0.00000000E+00  1.25588349E+00  1.10583827E+00 -1.72562648E-05
  3.50000000E+00  4.08869157E+00 -4.47215397E+01  0.00000000E+00  1.26071411E+00  1.11387737E+00  1.60071115E-04
  3.60000000E+00  4.21500451E+00 -4.46097501E+01  0.00000000E+00  1.26373632E+00  1.11987314E+00  1.89810929E-04
  3.70000000E+00  4.34152925E+00 -4.44974630E+01  0.00000000E+00  1.26662976E+00  1.12563820E+00  2.16808154E-04
  3.80000000E+00  4.46833690E+00 -4.43846109E+01  0.00000000E+00  1.26940171E+00  1.13118662E+00  2.41546312E-04
  3.90000000E+00  4.59541567E+00 -4.42712148E+01  0.00000000E+00  1.27205652E+00  1.13652689E+00  2.64425030E-04
  4.00000000E+00  4.72275406E+00 -4.41572951E+01  0.00000000E+00  1.27459807E+00  1.14166688E+00  2.85779803E-04
  4.10000000E+00  4.85034094E+00 -4.40428714E+01  0.00000000E+00  1.27702983E+00  1.14661390E+00  3.05889529E-04
  4.20000000E+00  4.97816552E+00 -4.39279627E+01  0.00000000E+00  1.27935493E+00  1.15137478E+00  3.24984052E-04
  4.30000000E+00  5.10621726E+00 -4.38125871E+01  0.00000000E+00  1.28157618E+00  1.15595590E+00  3.43251783E-04
  4.40000000E+00  5.23448594E+00 -4.36967625E+01  0.00000000E+00  1.28369611E+00  1.16036326E+00  3.60847289E-04
  4.50000000E+00  5.36296155E+00 -4.35805058E+01  0.00000000E+00  1.28571708E+00  1.16460252E+00  3.77898503E-04
  4.60000000E+00  5.49163431E+00 -4.34638336E+01  0.00000000E+00  1.28764124E+00  1.16867908E+00  3.94513155E-04
  4.70000000E+00  5.62049464E+00 -4.33467619E+01  0.00000000E+00  1.28947065E+00  1.17259808E+00  4.10784069E-04
  4.80000000E+00  5.74953317E+00 -4.32293061E+01  0.00000000E+00  1.29120728E+00  1.17636449E+00  4.26793054E-04
  4.90000000E+00  5.87874073E+00 -4.31114813E+01  0.00000000E+00  1.29533459E+00  1.18254228E+00 -1.31750928E-04
  5.00000000E+00  6.00848056E+00 -4.29929182E+01  0.00000000E+00  1.29720632E+00  1.18633467E+00 -1.28397344E-04
  5.10000000E+00  6.13829478E+00 -4.28740951E+01  0.00000000E+00  1.29901486E+00  1.19000685E+00 -1.26094375E-04
  5.20000000E+00  6.26828669E+00 -4.27549108E+01  0.00000000E+00  1.30076471E+00  1.19356731E+00 -1.24694066E-04
  5.30000000E+00  6.39845065E+00 -4.26353761E+01  0.00000000E+00  1.30245841E+00  1.19702061E+00 -1.24063274E-04
  5.40000000E+00  6.52878118E+00 -4.25155013E+01  0.00000000E+00  1.30409839E+00  1.20037103E+00 -1.24082104E-04
  5.50000000E+00  6.65927302E+00 -4.23952967E+01  0.00000000E+00  1.30568691E+00  1.20362266E+00 -1.24642745E-04
  5.60000000E+00  6.78992114E+00 -4.22747719E+01  0.00000000E+00  1.30722614E+00  1.20677933E+00 -1.25648417E-04
  5.70000000E+00  6.92072071E+00 -4.21539361E+01  0.00000000E+00  1.30871813E+00  1.20984469E+00 -1.27012432E-04
  5.80000000E+00  7.05166712E+00 -4.20327984E+01  0.00000000E+00  1.31016480E+00  1.21282217E+00 -1.28657339E-04  0.00000000E+00  0.00000000E+00 -2.39000000E+01  0.00000000E+00  5.49397703E-01  1.02219172E-01 -1.15353612E-02
  1.00000000E-01  5.49397703E-02 -2.38897781E+01  0.00000000E+00  5.59013370E-01  1.09474143E-01 -8.63523205E-03
  2.00000000E-01  1.11321891E-01 -2.38784679E+01  0.00000000E+00  5.47497730E-01  1.07151752E-01  4.53098727E-02
  3.00000000E-01  1.65495882E-01 -2.38678689E+01  0.00000000E+00  5.57554131E-01  1.15236209E-01  4.91894120E-02
  4.00000000E-01  2.21754115E-01 -2.38559410E+01  0.00000000E+00  5.73336498E-01  1.28297982E-01 -8.83850714E-03
  5.00000000E-01  2.79876883E-01 -2.38424581E+01  0.00000000E+00  5.82663107E-01  1.35994713E-01 -5.91969152E-03
  6.00000000E-01  3.38609524E-01 -2.38284738E+01  0.00000000E+00  5.92321154E-01  1.47244095E-01 -7.79109143E-03
  7.00000000E-01  3.98324542E-01 -2.38131869E+01  0.00000000E+00  6.02058536E-01  1.56061796E-01 -4.57737939E-03
  8.00000000E-01  4.59017265E-01 -2.37971399E+01  0.00000000E+00  6.11741291E-01  1.64904792E-01 -1.39188825E-03
  0.00000000E+00  0.00000000E+00 -4.89000000E+01  0.00000000E+00  5.32091572E-01  1.01373010E-01 -7.41073034E-03
  1.00000000E-01  5.32091572E-02 -4.88898627E+01  0.00000000E+00  5.40845885E-01  1.08473334E-01 -4.95963982E-03
  2.00000000E-01  1.07731461E-01 -4.88786603E+01  0.00000000E+00  5.30882898E-01  1.05784986E-01  4.44894983E-02
  3.00000000E-01  1.60321602E-01 -4.88682163E+01  0.00000000E+00  5.39999465E-01  1.13534904E-01  4.77730109E-02
  4.00000000E-01  2.14777377E-01 -4.88564753E+01  0.00000000E+00  5.72259042E-01  1.28710913E-01 -3.20097701E-03
  5.00000000E-01  2.73616260E-01 -4.88428454E+01  0.00000000E+00  5.81610007E-01  1.36480777E-01 -1.20018161E-04
  6.00000000E-01  3.32244809E-01 -4.88288088E+01  0.00000000E+00  5.51953343E-01  1.41484405E-01  2.07432810E-02
  7.00000000E-01  3.85957310E-01 -4.88144102E+01  0.00000000E+00  5.60409434E-01  1.48818677E-01  2.33184328E-02
  8.00000000E-01  4.42421058E-01 -4.87991616E+01  0.00000000E+00  6.08256527E-01  1.69710108E-01 -2.12461438E-04
  9.00000000E-01  5.05639065E-01 -4.87811460E+01  0.00000000E+00  6.17872040E-01  1.78936897E-01  1.62306728E-03
  1.00000000E+00  5.67907045E-01 -4.87627910E+01  0.00000000E+00  6.26829011E-01  1.87506055E-01  3.68021270E-03
  1.10000000E+00  6.31037794E-01 -4.87436119E+01  0.00000000E+00  6.68088607E-01  2.12398405E-01  1.53631467E-03
  1.20000000E+00  6.99909635E-01 -4.87211275E+01  0.00000000E+00  6.79715146E-01  2.24300618E-01  3.68807542E-03
  1.30000000E+00  7.68462477E-01 -4.86981023E+01  0.00000000E+00  6.90638461E-01  2.35590435E-01  6.03491005E-03
  1.40000000E+00  8.38072488E-01 -4.86739788E+01  0.00000000E+00  6.77153945E-01  2.47305016E-01  2.75956863E-02
  1.50000000E+00  9.05113657E-01 -4.86486625E+01  0.00000000E+00  6.87373092E-01  2.59311802E-01  2.99573822E-02
  1.60000000E+00  9.74361924E-01 -4.86221310E+01  0.00000000E+00  6.68859336E-01  2.53847035E-01  6.41019157E-03
  1.70000000E+00  1.04032217E+00 -4.85970196E+01  0.00000000E+00  6.77507905E-01  2.63481501E-01  7.68490711E-03
  1.80000000E+00  1.10850539E+00 -4.85701897E+01  0.00000000E+00  6.86095249E-01  2.73164236E-01  9.10359079E-03
  1.90000000E+00  1.17754428E+00 -4.85423891E+01  0.00000000E+00  7.28032837E-01  2.99753556E-01  3.32993260E-02
  2.00000000E+00  1.25244444E+00 -4.85110843E+01  0.00000000E+00  7.37290592E-01  3.11582479E-01  3.66556029E-02
  2.10000000E+00  1.32663639E+00 -4.84793346E+01  0.00000000E+00  7.14260087E-01  3.09120283E-01  8.69601765E-05
  2.20000000E+00  1.39691087E+00 -4.84485457E+01  0.00000000E+00  7.21206654E-01  3.19761827E-01  2.21380938E-03
