# mode: creep_unbounded
# dataset_index: 0
# source_file: particle_2_trajectory_full.out
# theta_true: [0.5, 0.9, 0.1]
# columns: t x_model vx_model
0.0000000000e+00 0.0000000000e+00 2.6666666667e+00
1.0000000000e-02 2.4475825353e-02 2.2480102234e+00
2.0000000000e-02 4.5300125343e-02 1.9315964904e+00
3.0000000000e-02 6.3364661831e-02 1.6924561354e+00
4.0000000000e-02 7.9343413935e-02 1.5117177432e+00
5.0000000000e-02 9.3745764112e-02 1.3751186049e+00
6.0000000000e-02 1.0695669534e-01 1.2718791970e+00
7.0000000000e-02 1.1926717151e-01 1.1938525311e+00
8.0000000000e-02 1.3089709837e-01 1.1348812456e+00
9.0000000000e-02 1.4201267714e-01 1.0903117068e+00
1.0000000000e-01 1.5273951998e-01 1.0566267740e+00
1.1000000000e-01 1.6317256252e-01 1.0311682495e+00
1.2000000000e-01 1.7338355557e-01 1.0119271106e+00
1.3000000000e-01 1.8342672724e-01 9.9738497061e-01
1.4000000000e-01 1.9334306223e-01 9.8639425766e-01
1.5000000000e-01 2.0316353611e-01 9.7808765550e-01
1.6000000000e-01 2.1291155974e-01 9.7180966065e-01
1.7000000000e-01 2.2260482664e-01 9.6706485421e-01
1.8000000000e-01 2.3225670929e-01 9.6347880664e-01
1.9000000000e-01 2.4187731440e-01 9.6076853020e-01
2.0000000000e-01 2.5147428045e-01 9.5872014732e-01
2.1000000000e-01 2.3657755514e-01 -1.2908382106e+00
2.2000000000e-01 2.2531885235e-01 -9.7559453242e-01
2.3000000000e-01 2.1680970783e-01 -7.3733848585e-01
2.4000000000e-01 2.1037863475e-01 -5.5726843956e-01
2.5000000000e-01 2.0551813427e-01 -4.2117442624e-01
2.6000000000e-01 2.0184464704e-01 -3.1831678367e-01
2.7000000000e-01 1.9906828511e-01 -2.4057864973e-01
2.8000000000e-01 1.9696995591e-01 -1.8182543201e-01
2.9000000000e-01 1.9538407281e-01 -1.3742070530e-01
3.0000000000e-01 1.9418548815e-01 -1.0386033480e-01
3.1000000000e-01 1.9327961735e-01 -7.8495952425e-02
3.2000000000e-01 1.9259497493e-01 -5.9325964613e-02
3.3000000000e-01 1.9207753332e-01 -4.4837599501e-02
3.4000000000e-01 1.9168645936e-01 -3.3887528709e-02
3.5000000000e-01 1.9139089202e-01 -2.5611643236e-02
3.6000000000e-01 1.9116750703e-01 -1.9356863550e-02
3.7000000000e-01 1.9099867629e-01 -1.4629602757e-02
3.8000000000e-01 1.9087107676e-01 -1.1056815907e-02
3.9000000000e-01 1.9077463911e-01 -8.3565616950e-03
4.0000000000e-01 1.9070175310e-01 -6.3157534636e-03
4.1000000000e-01 1.9064666704e-01 -4.7733437828e-03
4.2000000000e-01 1.9060503389e-01 -3.6076156234e-03
4.3000000000e-01 1.9057356823e-01 -2.7265772336e-03
4.4000000000e-01 1.9054978700e-01 -2.0607027430e-03
4.5000000000e-01 1.9053181353e-01 -1.5574456291e-03
4.6000000000e-01 1.9051822948e-01 -1.1770920847e-03
4.7000000000e-01 1.9050796287e-01 -8.8962705981e-04
4.8000000000e-01 1.9050020354e-01 -6.7236566776e-04
4.9000000000e-01 1.9049433916e-01 -5.0816304001e-04
5.0000000000e-01 1.9048433916e-01 -5.0816304001e-04
