  0.00000000E+00  0.00000000E+00 -4.89950000E+01  0.00000000E+00 -1.82003107E-05  9.77661201E-03  2.07827949E-05
  2.00000000E-01 -3.64006214E-06 -4.89930447E+01  0.00000000E+00 -7.99161388E-07  1.35479607E-02  1.09725630E-06
  4.00000000E-01 -2.05977949E-06 -4.89899580E+01  0.00000000E+00  1.84465468E-06  1.94588019E-02 -6.12839720E-07
  6.00000000E-01 -1.42646694E-06 -4.89854751E+01  0.00000000E+00  6.10528281E-06  2.79803873E-02 -7.80983854E-06
  8.00000000E-01  2.20652431E-07 -4.89790269E+01  0.00000000E+00 -6.10947710E-06  4.00615251E-02  4.46528928E-06
  1.00000000E+00 -2.22271898E-06 -4.89698065E+01  0.00000000E+00  2.60286312E-06  5.70937416E-02 -1.47070836E-06
  1.20000000E+00 -8.30912333E-07 -4.89566845E+01  0.00000000E+00  9.68109425E-06  8.06929699E-02 -1.10889125E-05
  1.40000000E+00  1.81312963E-06 -4.89381860E+01  0.00000000E+00  1.14362747E-06  1.12729432E-01 -1.11929518E-06
  1.60000000E+00  1.18810845E-06 -4.89124364E+01  0.00000000E+00 -2.09422568E-07  1.54931300E-01  2.25321488E-07
  1.80000000E+00  1.01091893E-06 -4.88772300E+01  0.00000000E+00 -2.55117661E-07  2.08970473E-01 -4.62952074E-08
  2.00000000E+00  9.55325888E-07 -4.88300320E+01  0.00000000E+00  6.41858072E-08  2.75767174E-01 -4.22693622E-08
  2.20000000E+00  1.00009340E-06 -4.87681989E+01  0.00000000E+00  9.51315885E-08  3.55099097E-01 -7.62128803E-08
  2.40000000E+00  1.02221429E-06 -4.86892459E+01  0.00000000E+00  1.92575934E-07  4.45351264E-01 -6.55724375E-07
  2.60000000E+00  1.07047391E-06 -4.85911504E+01  0.00000000E+00 -7.36930268E-07  5.43614893E-01 -4.16397532E-07
  2.80000000E+00  8.30137239E-07 -4.84726010E+01  0.00000000E+00  3.13208999E-06  6.46183823E-01 -8.95810979E-07
  3.00000000E+00  1.84345726E-06 -4.83331074E+01  0.00000000E+00 -2.41648376E-06  7.49218600E-01  8.20726288E-07
  3.20000000E+00  8.05303135E-07 -4.81729602E+01  0.00000000E+00  2.00316106E-06  8.49360366E-01 -5.05542168E-07
  3.40000000E+00  1.64789983E-06 -4.79930739E+01  0.00000000E+00 -2.73679538E-06  9.44121997E-01  6.66534387E-07
  3.60000000E+00  6.26545109E-07 -4.77947734E+01  0.00000000E+00 -9.52374457E-07  1.03194979E+00  6.46425380E-08
  3.80000000E+00  6.14512310E-07 -4.75796006E+01  0.00000000E+00  7.56757680E-08  1.11211073E+00  8.43862404E-07
  4.00000000E+00  7.32452486E-07 -4.73491624E+01  0.00000000E+00 -1.78956447E-06  1.18449301E+00  6.67454064E-07
  4.20000000E+00  1.88015568E-07 -4.71050256E+01  0.00000000E+00  2.51251618E-06  1.24940408E+00  6.35093922E-08
  4.40000000E+00  1.12072687E-06 -4.68486536E+01  0.00000000E+00  2.74326687E-06  1.30739142E+00  2.91140746E-07
  4.60000000E+00  1.69245531E-06 -4.65813766E+01  0.00000000E+00 -2.73492902E-06  1.35907892E+00  8.41363012E-07
  4.80000000E+00  5.97649918E-07 -4.63043921E+01  0.00000000E+00 -3.53773787E-06  1.40516554E+00  5.28337386E-07
  5.00000000E+00 -1.90178540E-07 -4.60187503E+01  0.00000000E+00 -9.42811804E-07  1.44626003E+00 -5.20150674E-07
  5.20000000E+00 -1.19248294E-07 -4.57253889E+01  0.00000000E+00 -2.22876041E-06  1.48300167E+00  2.47446174E-07
  5.40000000E+00 -6.93595237E-07 -4.54251144E+01  0.00000000E+00 -6.31703766E-07  1.51592349E+00 -2.76620977E-07
  5.60000000E+00 -6.60230326E-07 -4.51186375E+01  0.00000000E+00 -7.40670506E-07  1.54547670E+00  2.50851591E-07
  5.80000000E+00 -8.19261101E-07 -4.48065868E+01  0.00000000E+00 -2.73503747E-06  1.57211845E+00  3.43715435E-07
